        1.130420e+00         1.630092e+00
        1.537705e+00        -6.816162e-01
        1.232204e+00        -1.156764e+00
       -3.874147e-01        -7.490901e-01
       -3.441431e-01         9.253647e-01
        1.324139e+00         1.610780e+00
       -1.416542e+00         1.136540e+00
        1.589152e+00        -1.548914e+00
        7.339310e-01        -1.689362e-01
        5.392575e-01         3.144797e-01
       -7.561269e-01         4.289417e-01
        4.352791e-01        -1.935906e-01
       -1.193981e+00         1.804594e-01
       -1.499101e+00         9.744818e-01
        1.196698e+00         1.569448e+00
       -5.778055e-02        -6.797228e-02
       -1.633688e+00        -6.077130e-01
       -1.677399e+00        -9.287067e-01
        9.430891e-01         1.465541e+00
        9.344275e-01        -3.103857e-01
        2.973103e-01        -1.288180e+00
       -8.317764e-01         7.944815e-01
       -8.353705e-02        -4.056659e-01
       -3.365691e-01        -1.224753e+00
        5.381346e-02         6.812535e-02
        9.127480e-01        -7.677417e-01
        7.746005e-01         5.505190e-01
       -1.530133e+00        -5.773064e-01
        6.001755e-01        -1.503905e+00
        6.504368e-01         1.335846e+00
       -1.285935e+00        -1.146147e+00
       -4.796115e-01         4.970016e-02
       -7.204318e-02         4.966361e-01
       -7.021683e-02         7.846249e-01
        1.132953e+00        -6.608198e-01
       -1.041295e+00         1.136699e+00
        2.982813e-03        -1.828532e-01
        1.009432e+00         1.176047e-01
        1.699777e-01        -5.262064e-01
        9.920691e-01         8.093746e-01
       -1.315608e+00        -4.322760e-01
       -1.460217e+00        -4.880304e-01
       -1.255709e+00         1.271860e+00
        1.052019e+00         2.474575e-01
        1.252929e+00         1.053215e+00
        9.155713e-01        -7.825233e-01
       -7.297327e-01         5.248520e-01
       -1.569716e+00        -1.325370e+00
        7.405478e-01        -1.484494e+00
        1.456221e+00        -9.874085e-01
       -4.727016e-01        -1.184470e+00
        6.231184e-01        -1.838911e-01
        1.239292e+00         1.264202e+00
        1.952029e-01         9.768004e-01
        1.981730e-01        -1.105876e+00
       -3.789349e-01         1.716658e-01
       -1.639913e+00         1.113895e+00
       -1.334073e+00         1.086610e+00
       -9.837061e-01         1.774162e+00
        6.461829e-01        -7.161218e-01
       -2.374924e-01        -4.784587e-01
       -1.004816e+00         6.791890e-01
        1.159691e+00         2.946807e-01
       -4.697320e-01         9.135364e-01
        9.336159e-01         1.132201e+00
        6.786497e-01        -3.153569e-01
       -2.610429e-01         1.024229e+00
        1.709436e+00        -9.473045e-01
        1.024639e+00        -5.302596e-01
       -1.540402e+00         7.175887e-01
        5.201894e-01         2.576582e-01
       -1.298860e-01         8.811178e-01
        2.828095e-01         9.316796e-01
       -6.034891e-01        -3.265184e-01
       -8.486530e-01         1.666550e+00
        8.088877e-01         1.720155e+00
        1.606716e-01         1.919137e-01
       -6.738411e-01         1.084226e+00
        5.444940e-01        -1.504325e+00
        1.187727e+00        -8.903190e-01
        1.494746e+00        -6.659284e-01
        1.160024e+00         1.290509e+00
       -1.069749e+00        -4.787088e-01
        1.702029e+00        -6.527478e-01
       -1.090572e+00         1.083171e+00
        1.750641e-01        -1.295055e-01
        1.509294e+00         5.438298e-01
       -1.601792e+00         1.052509e+00
        1.017903e+00         1.453078e+00
        3.307195e-01         8.214547e-01
        2.264258e-01        -3.466921e-01
        4.109669e-01         8.874099e-01
       -1.293158e+00        -1.056604e+00
       -2.082791e-01         9.372890e-01
       -9.620965e-01        -3.413575e-01
        1.029689e+00        -1.069931e+00
       -1.341759e+00        -5.406069e-01
        1.109271e+00        -1.994246e-01
        1.552970e+00         1.494287e+00
        6.148186e-01        -1.265310e+00
       -1.023960e+00        -1.303029e+00
        6.543890e-01         1.650865e-01
        1.452810e+00         1.310786e+00
        1.217679e+00         3.584115e-01
        1.771986e+00        -1.027210e+00
        6.822039e-01         1.525825e+00
        3.133191e-01        -9.341742e-02
       -1.082674e+00         9.727926e-01
        1.575646e+00         5.261128e-01
       -8.447290e-01        -8.272594e-01
        1.170223e+00         6.194373e-01
       -7.066323e-01         3.274762e-01
       -1.714250e+00         8.977113e-01
       -1.302439e+00        -1.660999e+00
       -1.318225e+00         6.548030e-01
        1.231721e+00         1.632363e+00
       -4.260073e-01         9.834560e-01
        1.701041e+00        -6.577111e-01
        1.096013e+00        -4.454735e-01
       -3.052279e-01         6.947977e-01
        1.724846e+00         1.242351e+00
       -4.862989e-01         9.839312e-01
       -1.154359e+00        -1.161005e+00
        3.654895e-01        -1.179979e+00
       -1.531856e+00        -6.526984e-01
       -6.186428e-01         7.631964e-01
        1.173431e+00        -1.301918e+00
        6.165821e-01        -1.041583e+00
       -1.269812e+00        -2.998311e-01
       -4.892318e-01        -8.879276e-01
       -4.785488e-01        -4.467932e-01
       -1.326985e+00        -1.154101e+00
        1.148289e+00        -2.323605e-01
       -1.101525e+00         2.937721e-01
       -6.395343e-01        -5.369966e-01
        1.082778e+00         1.361123e+00
        8.984716e-01        -5.119835e-01
        8.297104e-01        -9.165947e-01
        9.641852e-01         6.640191e-01
        1.481399e+00         4.492071e-01
       -1.747029e+00        -7.996527e-01
        1.411473e+00        -9.648891e-01
        1.015830e+00        -7.344795e-01
       -7.380356e-01         7.417390e-01
        4.774714e-01         1.900637e-01
       -1.422584e+00        -1.589810e+00
       -1.032805e+00         1.026993e+00
       -1.618041e+00        -1.293326e+00
        1.139548e+00         1.761188e-01
       -5.591317e-01         6.491411e-01
        1.584428e+00         5.283102e-01
        3.275646e-01         5.285470e-01
       -2.865348e-01        -5.475339e-01
       -1.208530e+00         1.430010e+00
        1.292357e+00         1.451568e+00
        1.094345e+00        -1.423518e-01
        7.824513e-01        -1.666869e+00
        8.113856e-03        -4.318332e-01
        1.350761e+00         7.484313e-01
       -6.433197e-01         1.580014e+00
        3.118545e-01        -1.072495e+00
        7.556045e-01        -8.814117e-01
        1.622309e+00        -5.445395e-01
       -9.052400e-01         1.028713e+00
       -1.381905e+00        -1.705207e+00
        1.335294e+00         7.878683e-01
        5.730594e-01         1.014699e+00
       -1.381867e+00         1.461294e+00
        2.391179e-02        -6.581118e-02
        5.466921e-01         1.107508e+00
       -8.789737e-01         7.607076e-01
        9.572185e-01        -1.699801e+00
       -1.464521e+00        -1.531515e+00
        2.840098e-01         1.177781e+00
       -1.353791e+00         2.761505e-01
       -1.857856e-01         3.839853e-01
       -1.460393e+00         1.574931e+00
       -1.544903e-01        -8.698839e-01
        1.444445e+00         4.854621e-01
        9.252948e-01         1.340992e-01
       -8.061643e-01         5.893510e-01
       -5.899108e-01         1.055768e+00
       -7.027607e-01        -2.862378e-01
        3.686262e-01         6.252968e-01
        1.095577e+00         1.038997e+00
       -1.421210e+00         1.370340e+00
        4.726793e-01        -1.100206e+00
       -2.755950e-01         1.352162e+00
       -3.889043e-01        -3.932597e-01
       -1.107711e+00        -1.604994e+00
       -9.947689e-01        -7.861919e-01
        2.944320e-01         3.916174e-01
       -6.588781e-01        -6.442769e-01
       -1.111731e+00        -1.253990e+00
       -4.427075e-01        -5.182180e-02
        7.592948e-01         1.235755e+00
        1.392443e+00        -9.683198e-01
        1.074569e-01         3.585683e-01
        1.232044e+00        -4.651360e-01
       -8.852414e-01        -2.895864e-01
        1.481661e+00        -4.409616e-01
        5.749320e-01        -2.569031e-01
        4.964036e-02         5.414397e-01
        5.722659e-01        -3.754592e-01
        2.063291e-01         3.408117e-01
        1.138834e+00        -8.399648e-01
       -1.263745e+00        -6.236843e-01
       -6.945884e-01        -8.825987e-01
       -1.535078e+00        -1.280372e+00
       -1.095958e-01        -7.841746e-01
        1.302547e+00         9.178750e-01
       -1.150948e+00         6.870708e-01
        5.792939e-01        -1.058911e+00
       -6.080635e-01         3.071603e-01
       -1.424218e+00        -1.634887e+00
       -1.161065e+00         1.262489e+00
        7.921833e-01         2.723491e-01
       -3.855626e-01        -1.344428e+00
        1.566357e+00         9.204410e-01
        1.089533e+00        -4.331613e-01
        1.229518e+00        -1.538229e+00
        5.215880e-01         1.180401e+00
        1.387815e+00         9.489410e-01
        1.435134e+00        -7.978574e-01
       -1.360894e+00         6.006702e-01
       -6.507408e-01        -7.923247e-01
       -3.287522e-01         4.386597e-01
        9.000806e-01        -1.762870e+00
       -1.398513e+00         1.559744e+00
        7.605913e-01         6.341135e-01
        1.427376e+00         3.576900e-01
       -1.152125e+00        -3.022666e-01
        1.330741e+00        -1.189902e+00
        5.353186e-01        -1.359096e+00
       -3.634724e-01        -6.741248e-01
       -8.583252e-01         2.045990e-01
       -1.083462e+00         9.494298e-01
        5.503575e-01        -5.446296e-01
       -1.207127e+00        -1.493645e+00
        1.131722e+00        -6.103108e-01
       -1.696299e+00        -6.559181e-01
        1.297024e+00         3.703599e-01
        5.071777e-01         1.958364e-01
       -4.301924e-01         2.698497e-01
       -8.279369e-01         1.023091e+00
       -1.827679e-01        -6.073510e-01
        7.293800e-01        -7.803801e-01
       -1.047793e+00         6.112500e-01
       -7.750420e-01         1.485992e+00
        2.536516e-01        -1.194648e+00
       -9.226485e-01         1.773696e+00
       -4.006186e-01        -4.012628e-01
        1.657727e+00        -9.640700e-01
       -2.451919e-01         8.811608e-01
        1.363798e+00         4.916638e-01
        8.432756e-01         7.842484e-01
       -9.723326e-01        -5.146581e-01
        7.900858e-01         1.508789e+00
        1.613684e+00         1.533104e+00
       -2.700034e-01         7.469331e-01
       -1.552799e+00        -1.112146e+00
       -6.211288e-01        -5.921471e-01
       -7.197904e-01         6.944477e-01
        1.520205e+00         1.219491e+00
       -1.306856e+00        -1.205655e+00
        1.456532e-01        -1.104906e+00
        1.142001e+00        -1.684525e+00
       -2.755902e-01        -7.300631e-01
       -1.775406e+00        -1.101698e+00
        2.934713e-01        -9.696697e-01
       -5.411993e-01         1.463549e+00
       -1.738823e+00        -9.485953e-01
       -6.461221e-01        -1.051975e+00
       -1.748980e+00        -1.186573e+00
       -1.325232e+00        -6.163001e-01
       -6.383043e-01         6.289027e-01
       -9.201833e-01        -4.422796e-01
        4.568809e-01         1.270127e+00
       -7.012113e-01        -4.471303e-01
        7.736425e-01         5.588484e-01
        3.155268e-03         1.365451e-01
        7.577825e-01        -1.513949e+00
        1.279057e+00        -7.875864e-01
       -6.205439e-01         8.344036e-01
       -1.009493e-01         8.793098e-01
       -6.175826e-01         1.004697e+00
        1.556508e+00         1.027842e+00
       -1.195830e+00        -1.717545e+00
       -1.420297e+00        -1.379890e+00
        1.618543e+00         6.533036e-01
       -1.102666e+00         8.234895e-01
        6.524179e-01         6.316909e-01
        8.737269e-02        -5.835657e-01
       -3.106447e-01         3.234399e-01
       -3.043717e-01        -1.053493e+00
        1.591856e+00        -8.326224e-01
        2.450545e-01         9.518939e-01
        5.128786e-01         8.674205e-01
       -1.721476e+00        -1.131949e+00
        4.470376e-01         4.542905e-01
       -1.353339e+00         1.259431e+00
       -3.401623e-01        -2.171700e-01
       -1.397479e+00         1.109171e+00
        1.563411e+00        -1.514658e+00
        5.257791e-01         1.253868e+00
       -1.605997e+00         5.153959e-01
        1.147771e+00         6.237816e-01
        1.253525e+00         1.478315e+00
        9.520393e-01         1.029041e-01
       -1.098018e+00         1.023163e+00
       -2.061171e-01         9.910199e-01
       -1.326983e+00         1.609831e+00
        3.675708e-01        -4.566797e-01
       -1.472394e+00         1.604768e+00
       -1.406511e+00         9.646209e-01
       -6.551067e-01        -5.011851e-01
       -1.192335e+00         1.225972e+00
       -1.295390e+00        -1.223822e+00
        4.755029e-01         6.717812e-01
        1.232486e+00        -5.602176e-01
       -8.422195e-01         1.514601e+00
        2.815815e-01         6.731996e-01
        1.479145e+00        -1.062593e+00
        1.478510e+00        -3.973564e-01
       -6.388217e-01        -3.782912e-01
       -1.599960e+00        -1.197371e+00
       -5.763636e-01         1.315576e+00
        1.137817e+00         3.623507e-01
       -4.350127e-01         1.280912e+00
       -7.995580e-01        -1.760158e+00
       -4.210717e-01         1.526140e+00
        6.788773e-01         2.722404e-01
        1.499379e+00         1.244134e+00
       -4.711994e-01         7.035254e-01
        1.290014e+00        -7.487586e-01
       -1.005193e+00         2.615452e-01
       -7.316649e-01         1.237658e+00
        8.089370e-01        -3.137729e-01
       -3.351552e-01         5.538493e-01
       -2.117966e-01        -1.198828e-02
        1.422974e+00         6.793571e-01
        5.588785e-01        -4.209950e-01
       -9.324918e-01         5.908435e-01
        5.387360e-01         1.060513e+00
        9.362057e-01        -4.214110e-01
       -1.633084e+00         9.515883e-01
        4.290651e-01        -1.271462e+00
        8.743300e-01        -9.929184e-01
        1.410945e+00        -1.398746e+00
        5.213421e-01        -4.996033e-01
       -1.013465e+00        -1.344919e+00
        1.051941e+00        -3.600817e-01
       -1.460905e+00         3.774364e-01
        1.144109e+00        -5.253507e-01
       -1.750570e-01        -1.053844e+00
        9.255738e-01        -7.616442e-01
       -1.798205e-01         2.719034e-01
       -3.935574e-01        -1.389947e+00
       -1.935725e-01        -5.453668e-01
        6.511141e-01        -1.484362e+00
       -1.018259e+00        -6.247405e-01
       -1.399089e+00        -7.629322e-01
       -1.645159e+00         6.176214e-01
        1.321256e+00         1.538262e+00
       -8.464631e-01        -1.728882e+00
       -2.749592e-01         1.064102e+00
        1.260143e+00         4.513026e-01
       -1.214403e+00         1.082536e+00
        9.639940e-01         1.963701e-01
       -7.589872e-02        -1.367173e-02
       -6.137881e-01         6.350067e-02
        1.541333e+00        -1.252556e+00
        4.064217e-01        -4.334720e-01
       -1.025561e+00         1.395978e+00
       -1.651539e-01        -2.189992e-02
       -5.927377e-01         8.216100e-01
       -5.175860e-01        -7.282296e-02
        1.140644e+00        -7.663898e-01
        8.345549e-01        -1.623706e+00
        1.153964e+00        -8.972993e-01
       -9.462776e-01        -1.359938e-01
        1.174389e+00        -2.136480e-01
       -1.515881e+00         4.380904e-01
       -1.588914e+00        -1.142837e+00
        1.037026e+00        -7.008061e-01
        1.344896e+00        -7.706569e-01
       -1.587972e+00        -1.563090e+00
        1.171868e+00         7.607056e-01
       -7.341954e-01        -1.516593e+00
        2.004225e-01        -9.168498e-01
       -1.171412e+00         1.434039e+00
        6.294853e-02         7.267140e-01
       -8.191198e-01         7.740714e-01
       -6.450718e-01         1.243210e+00
       -7.614430e-01        -1.144316e+00
        1.483482e+00         8.684012e-01
       -2.161728e-01         3.848918e-01
       -1.460676e+00         5.957363e-01
       -1.525544e-01        -8.328741e-01
        7.616357e-01        -1.373440e+00
        3.036366e-01         4.228650e-01
        1.140918e+00        -8.134733e-01
        6.137679e-01        -4.389545e-01
        1.459189e+00        -1.510455e+00
       -2.983772e-01         9.625948e-01
        1.268576e+00        -1.632543e+00
        1.643321e+00        -1.322302e+00
       -7.923963e-01        -3.988721e-01
       -1.237725e+00        -1.322715e+00
       -1.301650e-01         4.110714e-01
       -1.062791e+00         1.573214e+00
       -1.572199e+00         4.969349e-01
       -1.106379e-01        -3.621442e-01
       -9.112285e-01        -6.585698e-01
        5.896749e-01        -1.237060e+00
        6.210367e-01         6.597365e-01
       -9.197842e-01        -1.632135e+00
        3.815814e-01         7.129488e-01
        4.751944e-01         1.587371e+00
       -1.025402e+00        -1.421782e+00
       -1.639145e-02         2.393391e-01
       -1.587765e+00        -7.183253e-01
        1.523229e+00         1.502924e+00
        1.473562e-01        -4.432546e-01
       -1.075782e+00        -9.986146e-01
       -9.698789e-01        -1.045959e+00
        4.695954e-01        -5.514734e-01
        4.267273e-02        -7.509391e-01
       -1.350635e+00         1.183508e+00
        1.467954e+00         1.580178e+00
       -5.861623e-01        -1.647599e+00
       -1.953958e-01        -1.204670e+00
        1.303394e+00         6.029605e-01
        2.971092e-01        -6.136722e-01
        2.419163e-01        -2.321436e-01
       -1.676472e+00        -6.394406e-01
        1.186819e+00         4.323081e-01
       -7.535864e-01         8.511554e-01
       -8.650182e-01        -5.842659e-01
       -8.304159e-01        -1.998638e-01
        4.688116e-01        -8.264651e-02
       -1.503859e+00         5.033933e-01
        3.999498e-01         2.486219e-01
        5.525242e-01        -2.594720e-01
       -9.241493e-01        -9.664787e-01
       -8.772344e-01         1.528197e+00
        1.302226e+00         1.270554e+00
        6.140063e-01        -1.278856e+00
       -1.026399e+00        -1.668866e+00
        1.550105e+00         1.450676e+00
       -3.428605e-01         5.557533e-02
        6.840702e-01        -1.099358e+00
       -2.882444e-01         1.068190e+00
        7.550684e-01         7.294072e-01
       -1.363201e+00         1.490905e+00
        1.566402e+00        -1.136880e+00
        1.165616e+00         9.919842e-01
       -4.790644e-01        -6.334882e-02
        3.594279e-01         1.340965e+00
       -7.645992e-02         7.437718e-01
       -7.746852e-01        -1.499800e+00
       -1.636253e+00         7.774400e-01
        1.450079e-01        -5.487327e-01
       -6.665625e-01         5.342026e-01
        6.738007e-01         1.357521e+00
        7.000521e-01         1.288924e+00
       -7.378231e-01         1.446321e+00
       -4.949187e-01        -5.608984e-01
       -1.511581e+00         1.045605e+00
       -6.047296e-01        -1.257286e+00
       -1.347037e+00        -8.732941e-01
        1.696529e+00         7.306878e-01
        1.278434e+00         1.541136e+00
       -7.266770e-01        -1.571628e+00
        9.175180e-01        -1.397917e+00
       -1.280671e+00         9.516817e-01
        9.846896e-01         2.937919e-01
       -1.686282e+00        -8.783989e-01
        1.428892e+00         1.273310e+00
       -2.599972e-01         5.204781e-01
       -1.732641e+00        -8.790708e-01
       -7.399994e-01        -1.277452e+00
        2.763514e-01        -1.172441e+00
       -5.254314e-01         9.037145e-01
        1.108006e+00         6.389286e-01
       -9.720240e-01        -8.576010e-01
       -2.282583e-01         4.461861e-01
        2.929090e-01         8.637861e-01
        4.465117e-01         3.976832e-01
       -3.862382e-02         2.221011e-01
        2.087074e-01        -1.095579e+00
        6.463091e-01        -8.732141e-01
        8.889721e-01         1.004176e+00
        1.108886e+00         1.546719e+00
       -4.712861e-01        -6.050186e-01
       -4.787007e-01         7.181272e-01
       -9.228723e-01        -1.478416e+00
       -4.776562e-01         6.783553e-01
        1.266335e+00        -6.589913e-01
        1.283913e+00         1.607402e+00
        2.990669e-01         3.382588e-01
        8.492499e-01         6.353371e-01
       -3.799595e-01         6.422118e-01
        1.393061e+00         1.130694e+00
        3.754071e-01        -2.237136e-01
        9.734782e-01         9.975675e-01
       -1.241369e-01        -9.966146e-01
       -4.000159e-01         4.569791e-01
        1.191556e+00         8.827196e-01
       -1.021197e+00         5.098701e-01
        1.000015e+00         8.473800e-01
       -7.092173e-01        -7.426959e-01
        1.411311e-01        -6.491707e-01
       -6.044874e-02        -3.924604e-01
        3.609223e-01         1.390147e+00
       -8.795684e-01         9.120351e-01
        1.418263e+00         5.116041e-01
        2.546134e-01         1.299324e+00
        4.229288e-01        -7.816547e-01
        8.762126e-01         5.956650e-01
       -8.711994e-03         4.291379e-01
       -1.324446e+00         3.879169e-01
        1.022902e+00         6.499929e-01
       -1.655904e-01        -9.091147e-01
       -1.544555e-01         1.081638e+00
       -1.067018e+00        -2.956644e-01
       -1.348223e+00         1.304069e+00
        7.707299e-01        -6.698135e-01
       -1.001323e+00         3.078199e-01
       -2.495198e-01         9.199216e-01
       -1.502351e+00         9.554466e-01
       -7.276838e-01         1.680422e+00
        9.671237e-01        -7.495290e-01
       -1.264794e+00        -1.011046e+00
       -3.636812e-01        -2.897543e-01
       -1.000767e+00         1.682505e+00
       -9.941967e-01         7.513977e-01
        6.266443e-01         6.423746e-01
        9.449989e-01        -9.947221e-01
        1.114577e+00        -7.857743e-01
        1.588458e+00        -5.098879e-01
        6.403685e-01        -1.130904e+00
       -1.364250e+00        -4.090988e-01
       -4.899545e-01        -2.040664e-01
       -8.424531e-01        -8.604799e-01
       -9.436104e-01        -1.037442e+00
       -1.580171e+00         7.878543e-01
        6.725282e-02        -7.259585e-01
       -1.100487e+00        -1.287451e+00
       -1.029699e-01        -5.130197e-01
       -5.024384e-01        -1.367066e+00
        7.015240e-01        -5.812928e-01
       -1.587801e+00         9.642400e-01
        1.330859e+00         1.193213e+00
       -1.132425e+00         2.001627e-01
        2.151219e-01        -1.289308e-01
        4.158246e-01        -1.362395e-01
       -1.135176e+00         6.424471e-01
        2.862612e-01         1.193987e+00
        9.009283e-01         1.074601e-01
       -3.366300e-01        -1.004269e+00
       -1.084435e+00        -1.466118e+00
       -5.298830e-01         1.446827e+00
       -9.739739e-01        -1.326612e+00
       -7.748075e-01         1.043118e+00
        1.855053e-01         7.998945e-01
       -1.186006e+00         1.226325e+00
        3.154634e-01        -7.033896e-01
       -1.396289e+00         1.692680e+00
       -1.504682e+00         4.411093e-01
       -1.603454e+00         1.016559e+00
       -1.078908e+00         1.008743e+00
       -5.944108e-01         1.368050e+00
        3.477168e-01        -5.130976e-01
       -7.665862e-01        -1.466225e+00
       -1.265127e+00         1.481084e+00
       -3.123440e-01         1.089948e+00
        2.303695e-01        -1.069652e+00
       -9.916383e-01        -2.364958e-01
       -8.359565e-01         1.135704e+00
        4.286722e-01         9.599211e-01
       -5.620159e-02        -6.422065e-01
       -6.572671e-01        -5.021285e-02
        1.295421e+00        -7.526631e-01
        9.489400e-01         1.129138e+00
       -1.024105e+00         1.082236e+00
       -1.329596e+00        -7.807004e-01
       -1.087269e+00         1.603427e+00
        2.177229e-01        -4.100511e-01
        2.073407e-01        -9.192669e-01
        1.480528e+00        -5.917747e-01
        6.588842e-01         8.924267e-01
       -1.198697e+00         4.969485e-01
        7.325254e-02         3.954564e-01
        1.497826e-01         9.508670e-01
       -7.264046e-01         9.442691e-01
        8.343300e-01        -1.402761e+00
       -1.453475e+00        -6.273912e-01
        3.431362e-01        -3.550267e-01
        7.906959e-01         4.275228e-01
        8.912376e-01        -1.236296e+00
        7.916155e-01         1.258494e+00
       -1.702772e+00         9.989885e-01
        3.981205e-01        -1.316591e+00
        7.735246e-01         1.365506e+00
       -1.386779e+00        -5.548333e-01
       -8.714876e-01         1.779679e+00
        1.793583e+00         1.119839e+00
       -5.076303e-01         2.057792e-01
       -1.044155e+00        -1.715959e+00
       -3.295748e-01         9.565805e-01
        1.009069e+00        -1.297970e+00
        6.100144e-01         6.896885e-01
       -1.529511e+00         1.472700e+00
       -1.029996e+00         5.333180e-01
       -1.289123e+00        -2.353880e-01
        7.921037e-01        -6.744093e-01
        1.440085e+00         9.549244e-01
        2.218734e-01        -6.423211e-01
        1.078069e+00        -3.760930e-01
        3.013192e-01        -6.632158e-01
       -6.433844e-01         1.589668e+00
        1.413560e-01        -6.050681e-02
       -3.316659e-01         8.725413e-01
       -8.404762e-01        -1.646866e+00
       -9.730948e-01        -1.583543e+00
       -7.142680e-01        -4.993972e-01
        6.979163e-01         1.274732e+00
       -1.636301e+00         1.466443e+00
       -1.545834e-01         5.265735e-01
        1.069131e+00        -1.288351e+00
       -1.446151e-01         9.704685e-01
       -8.513865e-01         5.382158e-01
       -1.258860e+00        -7.343790e-01
        1.684015e+00        -7.957836e-01
        8.765871e-01         5.823308e-01
       -3.966998e-01         1.069405e+00
        3.016542e-01         6.897212e-01
       -1.538183e+00        -1.356646e+00
       -5.958603e-02         2.184120e-02
        1.699869e+00        -7.078159e-01
        1.428526e+00        -1.015434e+00
        1.037342e+00         2.267458e-01
        9.916243e-02         2.693149e-01
       -1.234042e+00        -1.142385e+00
       -1.511589e+00         1.470304e+00
        4.439470e-01        -9.710055e-01
        3.636812e-01        -1.266273e+00
       -9.573831e-01        -1.580666e+00
       -9.802847e-01        -1.083823e+00
       -1.339296e+00         6.715405e-01
        1.019576e+00         1.792916e+00
       -6.760732e-01        -1.565073e+00
       -3.950647e-01        -1.133108e+00
       -5.698792e-01        -8.146794e-01
       -4.243440e-01        -1.520275e+00
        1.168075e+00        -3.599082e-01
        3.490011e-01         8.269340e-01
        7.319101e-01        -1.233542e+00
        1.196130e+00         1.378003e+00
        3.733329e-01         2.109505e-01
       -9.019563e-01         1.271222e+00
        6.153924e-01         1.006718e+00
        8.601784e-01         1.616635e-01
       -1.388891e+00        -1.521514e+00
        2.978610e-01         2.610047e-01
       -1.111879e+00         1.366340e+00
       -7.566473e-01        -6.541535e-01
        1.389287e+00        -1.247504e+00
       -7.250970e-01        -8.745824e-01
        8.697695e-01        -4.788600e-01
       -6.662448e-01        -1.524278e+00
       -2.424575e-01        -9.677996e-01
       -1.150021e+00        -2.535225e-01
       -1.091670e+00         1.555934e+00
        7.639933e-01         1.477210e+00
        3.961438e-01         8.464496e-01
        2.631419e-01        -1.170084e+00
        4.491912e-01        -4.930575e-01
       -3.238105e-01         9.649841e-01
       -1.242945e+00         6.795099e-01
       -3.520364e-01        -2.726970e-01
       -8.074416e-01        -5.964328e-01
       -3.869115e-01         1.129877e+00
       -9.189707e-01        -1.018121e+00
        1.033057e+00         1.288006e+00
       -2.030073e-01        -2.626039e-01
       -1.669278e+00        -1.333971e+00
       -8.407027e-01        -1.668406e+00
       -1.548780e+00        -1.228079e+00
        2.581552e-01        -5.285976e-01
        1.057405e+00        -1.287676e+00
       -9.732871e-01         1.567333e+00
       -6.955231e-01        -1.613777e-01
        5.635403e-01        -1.281759e-01
       -6.229280e-01        -2.378958e-01
        1.310967e+00        -6.247994e-01
        5.759657e-01        -3.415164e-01
       -7.879208e-01         2.909224e-01
        1.100441e+00        -1.426877e-01
       -1.164930e+00        -1.193430e+00
       -9.804524e-01         1.051804e+00
        9.283955e-01        -1.112511e+00
       -7.991855e-01         1.686996e+00
        8.061001e-01         1.352909e+00
       -1.224459e+00        -1.494574e+00
       -1.147187e+00        -1.566089e+00
        3.283123e-01        -6.083487e-01
       -1.621085e+00         1.151803e+00
        1.135368e+00         1.290980e+00
       -2.473909e-01        -8.584174e-01
        7.355149e-01         1.071153e+00
        1.405399e-01         4.276520e-01
       -1.055995e+00        -5.476018e-01
       -1.579055e+00        -1.214832e+00
        2.487508e-01        -7.979380e-01
       -7.445434e-01         1.220061e+00
        5.808105e-01        -7.831077e-01
       -1.383112e+00         1.330566e+00
        1.041288e+00        -5.386274e-01
        5.245181e-01         4.092787e-01
        7.875977e-01         7.843432e-01
       -1.304718e+00        -1.677653e+00
        5.476603e-02         6.533329e-01
       -1.489013e+00        -1.171947e+00
       -1.096181e+00        -1.392564e+00
       -7.625949e-01         5.872125e-01
        1.414286e+00         4.752752e-01
       -4.823738e-01         2.830299e-01
        3.659701e-01         8.777353e-01
       -7.318502e-01        -6.348654e-01
       -1.104157e+00         3.503178e-01
       -1.293877e+00        -8.467315e-01
       -9.547022e-01         8.236092e-01
       -1.336429e+00         3.216633e-01
       -1.532463e+00        -4.613892e-01
        1.595928e-01        -1.067099e+00
       -4.326398e-01         1.378131e+00
       -1.315179e+00        -1.682100e+00
        5.995055e-01        -1.464856e+00
        9.397673e-01        -1.602982e-01
        6.268072e-01        -1.685085e+00
       -1.613553e+00        -1.351442e+00
       -1.675648e+00        -1.420109e+00
       -1.281849e+00        -6.044617e-01
       -1.250760e+00         1.627378e+00
        7.411276e-01        -9.137752e-01
       -1.380676e+00         7.202267e-01
        1.492654e+00         4.572931e-01
       -3.198543e-01         1.009505e+00
        4.077689e-01         2.591884e-01
       -1.574211e+00        -1.167051e+00
        5.815102e-01        -8.876376e-01
        1.168541e+00         8.487419e-01
       -7.802220e-02        -2.509236e-01
       -8.523193e-01         6.235411e-01
       -4.525223e-01         7.409438e-01
        1.767565e+00        -1.040525e+00
        9.360702e-01         2.515644e-01
        6.138663e-01         9.787385e-01
       -1.329670e+00         8.340969e-01
       -1.293866e+00         7.717778e-01
       -9.636704e-01         1.377090e+00
       -1.060005e+00         1.655825e-01
       -5.264199e-01        -1.389550e+00
        1.323356e+00         8.939213e-01
       -5.903377e-01        -2.336106e-01
       -1.122465e+00        -2.290992e-01
       -1.101263e+00        -3.131140e-01
        1.373772e-01         3.913650e-01
        9.380620e-01         7.252431e-01
       -1.919479e-01         4.919283e-01
       -1.431903e+00        -3.505964e-01
        8.064760e-01         2.190905e-01
       -1.262705e+00        -6.322676e-01
       -6.042697e-02         6.289247e-01
        9.677757e-01        -2.458220e-01
        1.713853e+00        -1.177620e+00
       -7.326164e-01         1.462650e-01
       -1.613517e+00        -7.654504e-01
       -1.391643e+00        -1.052988e+00
        9.920018e-01        -1.695698e+00
       -5.647525e-01         1.469610e+00
        1.626190e+00        -5.995835e-01
        1.276935e+00         4.140113e-01
        5.359197e-01        -9.808462e-01
        2.939914e-01         3.214630e-01
       -1.244536e+00         1.771651e+00
       -5.291638e-01         1.516577e+00
        1.092422e+00         7.504258e-01
        1.096657e+00         1.171732e+00
        1.015756e+00         1.260901e-01
        1.519904e+00        -1.554775e+00
       -8.419505e-01        -1.417677e+00
       -2.941076e-01         4.959780e-01
        1.051554e+00         1.430350e+00
       -1.049607e+00         1.440276e-01
       -1.433433e+00         1.381150e+00
        7.848729e-01         1.424322e+00
       -7.690964e-01        -1.009439e+00
       -6.156190e-01         1.102305e+00
        7.442116e-01         3.954959e-01
        6.119731e-01         5.457843e-01
        1.085071e+00         8.845092e-01
       -6.337603e-01         1.613515e+00
       -1.295203e+00         8.854751e-01
       -5.607732e-01         8.765181e-01
       -1.558245e+00         1.386661e+00
        1.223881e+00         1.728621e+00
        1.563538e+00        -1.148643e+00
        1.595176e+00        -1.352347e+00
        8.058138e-01        -2.350969e-01
       -1.706785e+00        -8.946419e-01
        8.551339e-02        -7.093223e-01
       -1.582070e+00        -8.553808e-01
        1.754826e+00         9.941137e-01
       -1.083251e+00        -1.229707e+00
        1.146363e+00         1.356849e+00
       -7.181428e-01         6.515339e-01
       -1.361013e+00         1.032917e+00
        6.467375e-01         9.895586e-01
       -1.202082e+00        -1.064778e+00
       -1.349888e+00        -9.181596e-01
       -1.709997e+00        -8.921189e-01
       -8.654263e-01        -1.470819e+00
       -3.063637e-01        -2.867299e-01
        1.168017e+00         3.451140e-01
       -8.478772e-01         1.380084e+00
        9.166712e-01        -1.345839e+00
        1.109692e+00        -1.567135e+00
        4.164695e-01        -1.427241e+00
       -9.864488e-01         2.129145e-01
        8.080415e-01        -3.368629e-01
       -1.011289e+00         7.351604e-01
       -1.052739e+00        -6.973557e-01
        3.394947e-01         3.180868e-01
       -6.984246e-01        -6.237489e-02
       -1.018914e-02         1.848475e-01
        1.744218e+00         1.020749e+00
       -3.964344e-01         7.121770e-01
        1.501971e+00        -1.244170e+00
       -8.265676e-01         1.020399e+00
        2.762124e-01        -7.166902e-01
        1.150082e+00         9.534851e-01
        1.744423e+00        -1.066248e+00
       -4.749561e-01         1.364920e-01
       -1.026279e+00         7.517073e-01
        1.411946e+00         1.104736e+00
       -8.062139e-01        -1.132723e+00
       -8.492013e-01        -9.808602e-01
        1.218626e+00         1.369923e+00
        1.009700e+00         6.290360e-01
       -1.726637e+00         1.351648e+00
        1.419878e+00        -9.852521e-01
        4.851248e-01        -1.341380e+00
        4.076691e-01         8.446083e-01
        1.208109e+00         9.311439e-01
        1.584335e+00        -1.050355e+00
        8.401081e-01        -5.341358e-01
       -1.283820e+00        -4.833071e-01
       -1.430943e+00         7.317156e-01
       -9.651487e-01         1.071984e+00
       -1.294622e+00         1.141127e+00
       -6.718381e-01        -6.842010e-01
       -8.027270e-01         1.253820e+00
       -9.469628e-01        -2.613147e-01
        1.226729e+00         7.944503e-01
        6.411539e-01        -1.565211e+00
       -1.050016e+00         9.553218e-01
        2.473392e-02         1.955878e-01
       -7.644887e-01         1.700720e+00
       -1.375520e+00         9.440837e-01
       -5.375981e-01         1.184797e+00
        9.974071e-01         1.138278e+00
        1.419984e-01         7.424519e-01
        3.683465e-01         1.460922e+00
       -1.708110e+00        -1.028429e+00
       -5.546284e-01         4.818257e-02
       -1.310260e+00        -3.164439e-01
       -1.642600e+00        -1.497253e+00
        2.932311e-01        -3.627410e-01
        1.211191e+00         1.640839e+00
       -6.361163e-01         4.263598e-01
        1.198003e+00         1.314703e+00
        9.924613e-01         1.764345e+00
        5.089342e-01         2.042916e-02
       -1.627716e+00        -1.381114e+00
       -1.035857e+00         7.967999e-01
       -1.094768e+00        -1.194665e+00
        9.238809e-01        -4.193709e-01
        1.008452e+00        -1.099857e+00
        1.699125e+00         8.091396e-01
       -1.171938e+00        -1.315235e+00
        5.751700e-01        -7.779602e-01
       -6.715095e-01        -4.534147e-01
       -1.592650e+00        -9.721466e-01
       -1.521406e+00        -9.752811e-01
        5.019274e-01         7.662613e-01
        1.162730e+00        -1.134354e+00
        1.712448e+00         1.175092e+00
       -3.507287e-01        -1.096799e+00
        5.511310e-01        -1.416984e-01
       -3.449884e-01         2.379388e-01
        4.904525e-01         8.112655e-01
       -8.552396e-01         8.636687e-01
       -3.983675e-01         3.196412e-01
       -8.215323e-01        -1.141125e+00
        6.796474e-01        -2.405087e-01
        5.875951e-01         9.968006e-01
        1.537805e+00         1.378871e+00
        1.105690e+00         6.836649e-01
        5.098757e-01        -1.309253e+00
       -3.866393e-01        -6.434275e-01
       -7.472525e-01         8.556421e-01
       -1.258115e+00        -1.669650e+00
        4.537972e-01         7.062202e-01
        1.189140e+00        -1.285244e+00
        4.525968e-01        -1.162311e+00
        1.257258e+00         8.438598e-01
       -4.513194e-01        -1.471438e+00
        1.626170e+00         6.904772e-01
        4.608360e-01        -3.148142e-01
       -1.346769e+00         1.596233e+00
        1.485598e+00        -9.196408e-01
        5.099717e-01        -1.272150e+00
        1.351437e+00        -8.823627e-01
        1.261805e-01         3.328677e-01
        1.170985e+00        -1.267094e+00
        9.914209e-01         1.254520e+00
       -4.946699e-01         6.075012e-01
        8.383657e-01        -1.601166e+00
       -2.967961e-01        -6.656042e-01
       -6.423301e-01        -7.733493e-02
       -1.125333e-01        -2.897966e-02
       -1.179633e+00        -1.116278e+00
        3.726154e-01         1.022683e+00
        9.822939e-01         4.227554e-01
       -1.156778e+00        -1.480364e+00
       -2.501475e-01         7.789382e-01
        1.192525e+00         6.571368e-01
       -3.289553e-01         7.450332e-01
        5.958555e-01         1.049100e+00
       -1.469319e+00        -4.815062e-01
       -3.834462e-01        -1.221524e+00
        1.377005e+00         1.106130e+00
        1.008482e+00        -3.012759e-01
        2.110021e-01         1.686426e-01
        8.201750e-01         9.269549e-01
       -1.671622e+00        -1.440699e+00
        1.278793e-01        -2.268896e-01
        1.488151e-01        -1.032091e+00
       -1.438562e+00        -1.366641e+00
       -6.398974e-01        -3.693382e-01
        1.275541e+00        -1.517621e+00
        1.534277e+00         1.096625e+00
        7.410813e-01        -1.424181e+00
        9.644746e-01        -8.241552e-01
       -7.836175e-01        -3.709829e-01
        1.546130e+00         5.116144e-01
        9.946227e-01         1.599806e+00
        1.278375e+00         6.648275e-01
       -1.070863e+00         9.033578e-01
        1.346062e+00        -1.518722e+00
       -1.777821e+00        -1.187906e+00
       -3.147149e-01         2.859856e-01
       -9.309062e-01        -6.314916e-01
       -6.258846e-01         6.053086e-01
        8.054754e-01        -7.994451e-01
        1.277217e+00        -6.775249e-01
        1.437867e+00        -9.908735e-01
        1.060628e-01         8.863997e-01
       -8.666600e-01         3.713821e-01
        1.732239e+00        -1.357966e+00
        1.298411e+00        -1.623322e+00
        1.440857e+00        -1.339510e+00
       -7.701471e-01         1.046810e+00
       -8.560225e-01         1.040058e+00
       -1.293089e+00        -1.294219e+00
       -5.005615e-01         1.288548e+00
        1.462829e+00        -1.602504e+00
       -6.892487e-01        -6.727527e-01
       -4.413725e-01         1.007579e+00
        1.334552e+00         1.018761e+00
       -3.821459e-01         3.971416e-01
       -5.244377e-01         3.445429e-01
        1.263116e+00        -2.482563e-01
       -1.679071e+00         1.309083e+00
        1.228003e+00        -1.485506e+00
       -1.699938e-01         9.447125e-01
        1.047574e+00        -1.706697e+00
       -4.172327e-01         1.322044e+00
        1.102004e+00         5.566457e-01
        2.131518e-01        -1.731893e-01
       -1.114316e+00        -4.364823e-01
       -2.912680e-01         3.983019e-01
        1.120052e+00        -9.229391e-01
        6.026855e-01         3.864781e-02
        1.748102e+00         1.171325e+00
        1.017125e+00         5.506678e-01
       -1.027761e+00        -4.462883e-01
