       -1.540698e+00         1.359216e+00
        8.784960e-01         1.391526e+00
        1.344695e+00         1.025001e+00
        6.455158e-01        -4.590292e-01
       -9.883936e-01        -1.931475e-01
       -1.448692e+00         1.636938e+00
       -1.397574e+00        -1.107245e+00
        1.797112e+00         1.320955e+00
        2.260589e-01         7.055627e-01
       -1.028418e-01         7.263270e-01
       -5.980535e-01        -6.820805e-01
        4.554810e-01         4.292739e-01
       -3.521305e-01        -1.157046e+00
       -1.067901e+00        -1.470958e+00
       -1.428024e+00         1.302114e+00
        7.566113e-02        -5.096239e-02
        3.358444e-01        -1.589866e+00
        6.952173e-01        -1.726010e+00
       -1.198624e+00         1.272139e+00
        5.169308e-01         1.018254e+00
        1.440156e+00         2.770824e-01
       -9.261591e-01        -7.174352e-01
        3.945676e-01        -1.448058e-01
        1.125707e+00        -3.800556e-01
       -7.796790e-03         7.455796e-02
        9.965550e-01         9.800003e-01
       -3.985448e-01         8.994738e-01
        5.076639e-01        -1.550236e+00
        1.505734e+00         3.600869e-01
       -1.279104e+00         7.851750e-01
        8.780797e-01        -1.424351e+00
       -1.180357e-01        -3.213392e-01
       -5.122590e-01         2.086879e-02
       -6.078224e-01         1.659636e-01
        9.930657e-01         1.051878e+00
       -1.346363e+00        -7.616880e-01
        1.826636e-01         2.648650e-02
        4.494069e-02         1.106253e+00
        6.727284e-01         2.141077e-01
       -6.472940e-01         1.182181e+00
        1.877950e-01        -1.348997e+00
        3.452804e-01        -1.530321e+00
       -1.600616e+00        -9.011184e-01
       -8.722344e-02         1.162396e+00
       -7.174187e-01         1.433900e+00
        1.059243e+00         8.923932e-01
       -5.388689e-01        -5.865462e-01
        1.069189e+00        -1.615977e+00
        1.577415e+00         6.992329e-01
        1.267372e+00         1.260607e+00
        1.006115e+00        -5.609085e-01
        4.077594e-01         5.946321e-01
       -9.951300e-01         1.354937e+00
       -1.005376e+00         4.117937e-01
        1.147772e+00         5.545659e-02
       -2.006106e-01        -3.353767e-01
       -1.368459e+00        -1.411940e+00
       -1.294175e+00        -1.076743e+00
       -1.952862e+00        -6.747982e-01
        8.882193e-01         6.127808e-01
        3.807410e-01        -2.606418e-01
       -7.819064e-01        -7.971959e-01
       -1.439635e-01         1.311588e+00
       -9.393579e-01        -3.628365e-01
       -9.649237e-01         1.123216e+00
        5.414217e-01         6.752851e-01
       -1.064550e+00        -1.195437e-01
        1.312417e+00         1.588376e+00
        7.005339e-01         9.405004e-01
       -8.867059e-01        -1.336343e+00
       -2.823922e-01         5.222762e-01
       -7.572199e-01         6.881045e-02
       -8.796087e-01         5.455391e-01
        1.388818e-01        -6.506693e-01
       -1.843461e+00        -7.241749e-01
       -1.403608e+00         1.038573e+00
       -1.407411e-01         1.409765e-01
       -1.087046e+00        -4.926112e-01
        1.680135e+00         3.280150e-01
        1.012429e+00         1.111640e+00
        9.141443e-01         1.425894e+00
       -1.069848e+00         1.414427e+00
        2.793321e-01        -1.189385e+00
        9.086152e-01         1.609574e+00
       -1.260791e+00        -9.631541e-01
        2.892977e-01         1.542797e-01
       -2.486394e-01         1.647129e+00
       -1.101576e+00        -1.435996e+00
       -1.271029e+00         1.179249e+00
       -8.164551e-01         3.999663e-01
        2.971297e-01         2.348934e-01
       -6.395359e-01         5.787424e-01
        8.985048e-01        -1.369921e+00
       -9.469180e-01        -4.388277e-02
        2.855989e-01        -9.417235e-01
        1.217716e+00         8.464990e-01
        2.863094e-01        -1.431112e+00
        3.859128e-01         1.087515e+00
       -1.167270e+00         1.708016e+00
        1.370682e+00         4.357516e-01
        1.069090e+00        -1.134684e+00
       -1.329640e-02         7.339032e-01
       -1.034098e+00         1.773107e+00
       -8.716382e-02         1.153286e+00
        1.409789e+00         1.646242e+00
       -1.259594e+00         9.467687e-01
        7.453270e-02         2.892221e-01
       -1.050467e+00        -8.321320e-01
       -2.892477e-01         1.668919e+00
        8.418718e-01        -1.036195e+00
       -4.652460e-01         1.323085e+00
       -3.464364e-01        -5.862951e-01
       -1.177613e+00        -1.525098e+00
        1.410244e+00        -1.410548e+00
       -9.494961e-01        -1.150084e+00
       -1.357755e+00         1.513019e+00
       -9.529417e-01        -3.173612e-01
        9.408023e-01         1.587754e+00
        7.110849e-01         1.125120e+00
       -7.814982e-01        -7.227321e-02
       -9.841124e-01         1.896820e+00
       -9.433943e-01        -2.938573e-01
        1.079178e+00        -1.216526e+00
        1.245472e+00         3.023815e-01
        4.469909e-01        -1.569600e+00
       -8.167047e-01        -4.655776e-01
        1.525563e+00         9.634911e-01
        1.170030e+00         4.997055e-01
        1.783684e-01        -1.313569e+00
        8.705678e-01        -4.879164e-01
        5.252746e-01        -4.625263e-01
        1.011889e+00        -1.418972e+00
        4.677242e-01         1.125862e+00
       -4.983404e-01        -9.597866e-01
        4.514389e-01        -7.943793e-01
       -1.202764e+00         1.357513e+00
        6.278033e-01         9.768036e-01
        9.636889e-01         6.141377e-01
       -4.428699e-01         1.181195e+00
       -1.819983e-01         1.517324e+00
        5.710436e-01        -1.801989e+00
        1.240756e+00         1.336204e+00
        8.915613e-01         9.529028e-01
       -1.066315e+00        -5.824956e-01
       -9.957413e-02         5.460456e-01
        1.418159e+00        -1.552384e+00
       -1.131565e+00        -7.466625e-01
        1.081759e+00        -1.779000e+00
       -1.791154e-02         1.282549e+00
       -8.842913e-01        -3.931682e-01
       -2.518758e-01         1.680953e+00
       -4.917240e-01         4.204622e-01
        4.193097e-01        -3.406381e-01
       -1.448520e+00        -8.676929e-01
       -1.248074e+00         1.297305e+00
        2.457750e-01         1.103666e+00
        1.742964e+00         5.851236e-01
        5.493941e-01        -1.029272e-01
       -4.783909e-01         1.363488e+00
       -1.628112e+00        -3.559325e-01
        1.262115e+00         1.427455e-01
        1.058121e+00         7.158193e-01
        9.461858e-01         1.573561e+00
       -1.182058e+00        -7.414246e-01
        1.641747e+00        -1.596462e+00
       -7.015729e-01         1.649029e+00
       -8.420774e-01         7.413685e-01
       -1.671706e+00        -1.103185e+00
        2.302200e-02         7.147302e-02
       -1.186322e+00         6.854043e-01
       -9.153539e-01        -6.647640e-01
        1.877549e+00         7.617434e-01
        1.326538e+00        -1.568333e+00
       -1.143294e+00         4.919000e-01
       -4.770270e-01        -1.198533e+00
       -3.286374e-01         2.385326e-02
       -1.788595e+00        -1.131512e+00
        8.887910e-01        -2.061270e-01
       -2.449075e-01         1.498186e+00
       -1.254925e-01         9.598805e-01
       -7.753996e-01        -7.169309e-01
       -1.184334e+00        -3.700887e-01
        4.684025e-02        -7.359878e-01
       -5.552649e-01         5.583970e-01
       -7.989875e-01         1.159610e+00
       -1.516047e+00        -1.244601e+00
        1.152475e+00         3.219892e-01
       -1.438890e+00        -1.778480e-01
        2.496723e-01        -4.287017e-01
        1.475269e+00        -1.289598e+00
        6.115282e-01        -9.030029e-01
       -3.774453e-01         4.131443e-01
        7.532446e-01        -5.943931e-01
        1.017127e+00        -1.160213e+00
        1.655122e-01        -3.785665e-01
       -1.150062e+00         1.069313e+00
        1.170744e+00         1.203393e+00
       -3.685087e-01         1.774747e-01
        6.586666e-01         1.047595e+00
        2.535174e-01        -8.680686e-01
        7.666784e-01         1.532628e+00
        3.678576e-01         5.516545e-01
       -4.373878e-01         1.649681e-01
        5.006727e-01         5.625075e-01
       -2.758505e-01         3.002905e-01
        1.126799e+00         9.919248e-01
        4.374626e-01        -1.274249e+00
        7.389549e-01        -7.120387e-01
        1.014716e+00        -1.665965e+00
        8.280078e-01        -1.366351e-01
       -7.356721e-01         1.485531e+00
       -9.457788e-01        -1.001422e+00
        1.315691e+00         5.724662e-01
       -4.965325e-01        -5.037273e-01
        1.454919e+00        -1.653908e+00
       -1.496615e+00        -1.007106e+00
       -2.093844e-01         7.810695e-01
        1.321186e+00        -5.031530e-01
       -7.235170e-01         1.723102e+00
        6.792841e-01         1.092674e+00
        1.904620e+00         9.712501e-01
       -1.068276e+00         6.935301e-01
       -7.591523e-01         1.412569e+00
        1.111935e+00         1.320668e+00
       -8.734862e-01        -1.222570e+00
        8.040328e-01        -6.907849e-01
       -5.456489e-01        -1.553970e-01
        2.013378e+00         7.783322e-01
       -1.735072e+00        -1.146220e+00
       -4.966436e-01         8.208157e-01
       -2.654066e-01         1.531382e+00
        7.467573e-02        -1.177740e+00
        1.344180e+00         1.222080e+00
        1.407765e+00         4.009095e-01
        5.886339e-01        -4.104718e-01
       -3.765103e-01        -7.585277e-01
       -1.229801e+00        -9.280281e-01
        6.699158e-01         5.119773e-01
        1.418418e+00        -1.381089e+00
        7.491800e-01         9.945384e-01
        3.345492e-01        -1.720863e+00
       -1.961463e-01         1.275827e+00
       -1.938325e-01         4.023263e-01
       -4.972618e-01        -4.432690e-01
       -1.228409e+00        -7.130434e-01
        7.131050e-01        -2.165608e-01
        1.059920e+00         5.968091e-01
       -8.465822e-01        -8.819959e-01
       -1.683304e+00        -5.262033e-01
        1.356900e+00         1.548342e-01
       -1.883967e+00        -5.908251e-01
        4.859235e-01        -4.071814e-01
        1.360674e+00         1.651916e+00
       -9.371724e-01        -1.203233e-01
       -2.764657e-01         1.354713e+00
       -5.206612e-01         1.053685e+00
        4.214318e-01        -1.142030e+00
       -1.417339e+00         1.032786e+00
       -1.246863e+00         1.768123e+00
       -6.667232e-01        -1.861197e-01
        8.123675e-01        -1.579188e+00
        5.518050e-01        -6.338513e-01
       -9.057654e-01        -5.433429e-01
       -9.551071e-01         1.782968e+00
        1.034950e+00        -1.638148e+00
        1.203191e+00         1.051935e-01
        1.886802e+00         1.005581e+00
        7.842225e-01        -5.307047e-01
        9.402476e-01        -1.835778e+00
        9.434072e-01         2.169687e-01
       -1.591012e+00        -4.324789e-01
        7.370439e-01        -1.886913e+00
        9.845917e-01        -8.044400e-01
        9.310322e-01        -1.832065e+00
        4.844745e-01        -1.328160e+00
       -7.317189e-01        -4.626894e-01
        3.314253e-01        -9.319696e-01
       -1.164001e+00         7.319193e-01
        3.915006e-01        -7.095840e-01
       -3.936885e-01         1.025599e+00
       -9.285777e-02         5.632527e-02
        1.645747e+00         5.472327e-01
        1.039601e+00         1.251291e+00
       -9.219487e-01        -4.697288e-01
       -8.786024e-01         9.135971e-03
       -9.728431e-01        -3.938182e-01
       -8.181764e-01         1.685523e+00
        1.545682e+00        -1.380921e+00
        1.199285e+00        -1.357618e+00
       -3.948873e-01         1.791443e+00
       -8.423966e-01        -9.330404e-01
       -6.525253e-01         7.710707e-01
        5.332017e-01         1.360837e-01
       -3.233218e-01        -1.788935e-01
        1.043920e+00        -3.209623e-01
        9.591662e-01         1.410924e+00
       -9.245807e-01         4.814173e-01
       -7.103793e-01         6.352991e-01
        8.720370e-01        -1.694274e+00
       -2.589579e-01         5.558145e-01
       -1.312457e+00        -1.084373e+00
        1.718993e-01        -3.476764e-01
       -1.221642e+00        -1.174440e+00
        1.666133e+00         1.363978e+00
       -1.250520e+00         6.618055e-01
       -7.633405e-01        -1.508030e+00
       -5.513240e-01         1.313720e+00
       -1.277913e+00         1.376599e+00
        1.260774e-01         9.684256e-01
       -1.310709e+00        -9.825632e-01
       -8.803818e-01        -5.047199e-02
       -1.869811e+00        -1.058423e+00
        5.839827e-01         3.110347e-01
       -1.913809e+00        -1.178379e+00
       -1.255268e+00        -1.182733e+00
        3.298145e-01        -7.030185e-01
       -1.496353e+00        -8.605379e-01
        1.058500e+00        -1.429589e+00
       -5.792391e-01         5.155745e-01
        7.381272e-01         1.133885e+00
       -1.719472e+00        -6.007632e-01
       -6.660966e-01         4.267902e-01
        1.237957e+00         1.213944e+00
        4.274910e-01         1.378067e+00
        3.234646e-01        -6.992243e-01
        1.063379e+00        -1.809451e+00
       -1.328197e+00        -4.071107e-01
       -2.273531e-01         1.158576e+00
       -1.370561e+00        -1.827079e-01
        1.776192e+00        -9.219981e-01
       -1.628958e+00        -1.013742e-01
       -5.268170e-02         6.511700e-01
       -9.515311e-01         1.715083e+00
       -8.430564e-01        -3.345712e-01
        8.817250e-01         1.142646e+00
       -4.812441e-01        -9.213498e-01
       -1.310181e+00        -6.220940e-01
        5.527568e-01         8.008679e-01
       -5.667993e-01        -2.840080e-01
        1.048135e-01        -1.590992e-01
       -5.014080e-01         1.499640e+00
        5.704602e-01         5.696904e-01
       -6.739569e-01        -8.802658e-01
       -1.165042e+00         7.510167e-01
        7.613490e-01         8.782552e-01
       -1.229389e+00        -1.438432e+00
        1.350846e+00         2.204843e-01
        1.199185e+00         8.904015e-01
        1.666557e+00         1.186246e+00
        5.713651e-01         5.369833e-01
        1.149738e+00        -1.119629e+00
        6.463669e-01         1.083754e+00
       -6.461469e-01        -1.407199e+00
        7.779073e-01         1.062006e+00
        1.186381e+00        -1.490291e-01
        7.956630e-01         8.710167e-01
       -2.679173e-01        -7.638761e-02
        1.327589e+00        -4.865927e-01
        6.679866e-01        -8.800045e-02
        1.659662e+00         5.674488e-01
        5.056113e-01        -1.082921e+00
        6.317064e-01        -1.455858e+00
       -8.824920e-01        -1.496777e+00
       -1.361369e+00         1.595009e+00
        1.461374e+00        -1.090155e+00
       -1.236822e+00        -1.797840e-01
       -2.890829e-01         1.415726e+00
       -1.282211e+00        -9.856247e-01
       -4.470153e-02         9.471972e-01
        5.461704e-02        -9.899053e-02
       -1.466348e-02        -5.966067e-01
        1.571080e+00         1.442775e+00
        4.201341e-01         4.628275e-01
       -1.590475e+00        -8.712593e-01
        3.047627e-02        -2.016719e-01
       -1.046864e+00        -4.133944e-01
        7.007234e-02        -4.777728e-01
        9.400017e-01         1.080729e+00
        1.750425e+00         6.055562e-01
        1.139452e+00         1.040425e+00
       -9.859204e-02        -9.620805e-01
        2.380113e-01         1.041396e+00
       -6.765541e-01        -1.497093e+00
        8.504260e-01        -1.668227e+00
        8.635322e-01         9.292522e-01
        8.772004e-01         1.211716e+00
        1.163102e+00        -1.756199e+00
       -6.408238e-01         1.241735e+00
        1.453929e+00        -8.575813e-01
        9.458491e-01         8.125852e-02
       -1.600714e+00        -8.653756e-01
       -6.028014e-01         1.764469e-01
       -8.094338e-01        -6.167354e-01
       -1.341207e+00        -5.155194e-01
        9.333161e-01        -9.027345e-01
       -6.967952e-01         1.595030e+00
       -3.753779e-01        -4.326653e-02
       -8.353124e-01        -1.236681e+00
        7.973581e-01        -3.592224e-01
        1.451221e+00         5.340374e-01
       -3.004333e-01         3.331443e-01
        1.032656e+00         1.056512e+00
        5.797726e-01         6.297934e-01
        1.695826e+00         1.184071e+00
       -9.356637e-01        -1.066327e-01
        1.842033e+00         1.064843e+00
        1.622472e+00         1.393030e+00
        2.351493e-01        -8.224342e-01
        1.112505e+00        -1.382704e+00
       -3.113517e-01         1.561037e-01
       -1.729358e+00        -7.848022e-01
       -5.964650e-01        -1.336958e+00
        4.080590e-01        -1.390778e-01
        5.754169e-01        -9.196228e-01
        1.320331e+00         4.001530e-01
       -5.694438e-01         7.151800e-01
        1.559818e+00        -1.078698e+00
       -6.905239e-01         4.311296e-01
       -1.525052e+00         9.402543e-01
        1.359799e+00        -1.228444e+00
       -4.066373e-01         1.445953e-01
        4.665214e-01        -1.631545e+00
       -1.223958e+00         1.682667e+00
        6.581666e-01         5.704413e-02
        9.195768e-01        -1.174048e+00
        8.700500e-01        -1.108139e+00
        6.456173e-01         2.971912e-01
        7.270855e-01         3.941554e-03
       -1.318515e+00        -1.127200e+00
       -1.266126e+00         1.589574e+00
        1.485623e+00        -6.841218e-01
        1.293514e+00        -2.665076e-01
       -4.378961e-01         1.383624e+00
        7.942941e-01         2.533890e-01
        2.882433e-01         2.551995e-01
        3.633869e-01        -1.671723e+00
       -3.497213e-01         1.298379e+00
       -8.718408e-01        -6.012803e-01
        5.427492e-01        -9.485683e-01
        1.564150e-01        -8.555621e-01
        2.779572e-01         4.093126e-01
       -6.031841e-01        -1.247171e+00
       -3.743761e-01         4.653279e-01
        3.541728e-01         6.200241e-01
        8.537197e-01        -9.582854e-01
       -1.663740e+00        -5.324898e-01
       -1.124101e+00         1.469430e+00
        1.382094e+00         4.419758e-01
        1.520627e+00        -1.183896e+00
       -1.127742e+00         1.812608e+00
       -1.201050e-01        -2.947493e-01
        1.319376e+00         5.859300e-01
       -1.252418e+00        -1.131498e-01
       -6.937502e-01         9.042736e-01
       -1.601743e+00        -1.038303e+00
        1.454927e+00         1.477604e+00
       -7.852104e-01         1.378968e+00
        1.491847e-02        -4.558752e-01
       -1.302135e+00         4.479406e-01
       -7.889838e-01        -5.751026e-02
        1.442288e+00        -1.031071e+00
       -9.123965e-01        -1.497557e+00
        4.552481e-01         5.510723e-02
       -6.025767e-01        -5.366785e-01
       -1.302131e+00         8.105758e-01
       -1.181496e+00         9.198018e-01
       -1.490691e+00        -4.664921e-01
        4.718274e-01        -5.607262e-01
       -1.286567e+00        -1.343982e+00
        1.334496e+00        -6.948753e-01
        7.747589e-01        -1.455911e+00
       -6.419545e-01         1.866688e+00
       -1.435338e+00         1.478401e+00
        1.602868e+00        -9.512175e-01
        1.522788e+00         6.486126e-01
       -1.126674e+00        -9.929024e-01
       -2.858564e-01         1.027150e+00
        7.210585e-01        -1.722726e+00
       -1.005920e+00         1.699906e+00
       -4.946164e-01        -1.651484e-01
        6.940450e-01        -1.774334e+00
        1.170591e+00        -8.752998e-01
        1.243577e+00         1.697734e-01
       -1.041348e+00        -3.287922e-01
       -4.470097e-01         1.134192e+00
        6.798216e-01        -1.114573e+00
       -5.315055e-01        -2.410608e-01
       -8.717674e-01         4.459170e-01
       -2.978957e-01         5.621534e-01
       -4.084094e-01         6.278369e-02
        1.087379e+00         9.076541e-02
        1.036301e+00         5.883053e-01
       -8.736565e-01         1.073847e+00
       -1.246850e+00         1.415692e+00
        5.642074e-01        -5.215441e-01
       -8.301400e-01        -3.769851e-01
        1.378627e+00        -1.015973e+00
       -7.168851e-01        -3.629261e-01
        8.052242e-01         1.164303e+00
       -1.228918e+00         1.661953e+00
       -2.820853e-01         4.144510e-01
       -4.982300e-01         1.090454e+00
       -7.141631e-01        -2.732804e-01
       -9.030990e-01         1.488720e+00
        4.041866e-01         4.111927e-01
       -8.264134e-01         1.021686e+00
        8.998942e-01        -1.736576e-01
       -4.151389e-01        -2.997777e-01
       -5.063036e-01         1.302448e+00
       -5.881601e-01        -9.546094e-01
       -7.596198e-01         1.086680e+00
        6.065789e-01        -7.032631e-01
        7.269449e-01         1.090810e-01
        3.002929e-01        -6.385494e-02
       -1.426006e+00         4.939546e-01
       -1.012436e+00        -7.569305e-01
       -2.478882e-01         1.460885e+00
       -1.147791e+00         6.161512e-01
        9.292294e-01         2.708362e-01
       -5.449381e-01         8.963925e-01
       -4.550958e-01         1.418711e-01
       -4.593541e-01        -1.169003e+00
       -3.684821e-01         1.098047e+00
        9.739296e-01        -9.769229e-02
       -1.231956e+00        -3.420273e-02
        1.005330e-01        -1.054687e+00
       -1.656283e+00        -1.078525e+00
        8.200412e-01         7.254098e-01
       -4.199614e-01        -9.415038e-01
       -8.932954e-01        -7.399045e-02
       -1.225559e+00        -1.379824e+00
       -1.640552e+00        -3.202778e-01
        9.997245e-01         8.841688e-01
        9.774714e-01        -1.412877e+00
        1.895155e-01        -4.401591e-01
       -1.758504e+00        -8.549804e-01
       -7.593324e-01        -8.196158e-01
       -4.971551e-01         7.615217e-01
        1.153479e+00         9.132113e-01
        8.483515e-01         1.047439e+00
        7.348970e-01         1.393779e+00
        1.201075e+00         5.536022e-01
        2.048319e-01        -1.417335e+00
        1.832087e-01        -4.500991e-01
        6.851671e-01        -9.835255e-01
        8.929283e-01        -1.145488e+00
       -8.989921e-01        -1.364797e+00
        7.443807e-01        -3.369921e-02
        1.146377e+00        -1.230758e+00
        6.164155e-01        -1.025877e-01
        1.275237e+00        -7.215013e-01
        8.171332e-01         7.353050e-01
       -1.091700e+00        -1.307353e+00
       -9.323978e-01         1.549515e+00
       -3.016205e-01        -1.103924e+00
        2.433876e-01         2.234049e-01
        2.224428e-01         3.931599e-01
       -9.363351e-01        -1.130946e+00
       -1.254744e+00         5.454271e-01
        2.099376e-02         8.622690e-01
        1.113922e+00        -4.671934e-01
        1.330522e+00        -1.240523e+00
       -1.421357e+00        -2.342946e-01
        1.229285e+00        -1.186879e+00
       -1.156635e+00        -5.717935e-01
       -8.099737e-01         2.673988e-01
       -1.290228e+00        -9.512517e-01
        8.271446e-01         1.354470e-01
       -1.839620e+00        -1.132870e+00
       -7.768167e-01        -1.278740e+00
       -1.194705e+00        -1.373668e+00
       -1.312359e+00        -9.610308e-01
       -1.465667e+00        -3.659678e-01
        6.918547e-01         2.984924e-01
        1.382448e+00        -9.390085e-01
       -1.637073e+00        -1.083015e+00
       -1.127557e+00        -7.070254e-02
        1.129690e+00         1.838525e-01
       -4.868960e-03        -1.021091e+00
       -1.310946e+00        -7.598987e-01
       -9.741087e-01         5.816373e-01
        7.565156e-01        -1.269955e-01
        7.100526e-02        -5.425960e-01
        1.013758e+00         1.186454e+00
       -1.029160e+00         1.248948e+00
       -1.308542e+00        -9.099311e-01
        5.852938e-01        -1.339413e+00
       -1.669034e+00        -7.021371e-01
        5.108995e-01         1.044149e-01
        1.050258e+00         2.117141e-02
        7.409417e-01         1.491080e+00
       -8.178420e-01         7.683966e-01
       -8.112317e-01        -1.067480e+00
       -2.895667e-01         1.330752e-01
       -8.197869e-01         3.415899e-01
       -1.004229e+00        -4.486210e-01
        1.600763e+00         7.112499e-01
        3.944834e-01        -1.333151e+00
        4.287024e-01         3.210480e-01
       -2.688347e-01         9.282024e-01
        1.471577e+00         7.051180e-01
       -1.097806e+00         9.762144e-01
       -1.297623e+00        -1.345904e+00
        1.532123e+00         2.976937e-01
       -1.242439e+00         1.030921e+00
        4.647760e-01        -1.425520e+00
       -1.793385e+00        -6.491281e-01
       -8.300509e-01         1.970302e+00
       -3.010312e-01        -3.776683e-01
        1.616506e+00        -1.263709e+00
       -1.026529e+00        -1.992878e-01
        1.460582e+00         9.169322e-01
       -4.885751e-01         7.957787e-01
       -1.693846e+00        -1.156195e+00
       -6.223572e-01        -9.437155e-01
        1.440862e-02        -1.255805e+00
        7.503855e-01         6.971811e-01
       -8.119472e-01         1.554627e+00
        7.333803e-01         9.289588e-02
        4.901067e-01         8.981357e-01
        6.494485e-01         2.081337e-01
       -1.637822e+00        -4.292299e-01
        5.471637e-02        -3.631209e-02
       -9.427805e-01        -1.057522e-01
        1.706544e+00        -1.002507e+00
        1.419224e+00        -1.142467e+00
        3.040483e-01        -7.831490e-01
       -1.287995e+00         9.283251e-01
       -1.808546e+00        -1.407218e+00
       -3.871788e-01         5.564735e-02
        1.393173e+00         9.583513e-01
       -9.498983e-01         7.735337e-03
       -5.638019e-01        -7.247149e-01
        5.920639e-01        -1.126862e+00
        9.229186e-01         1.504413e+00
       -5.013722e-01         1.100647e+00
       -1.240194e+00        -1.045877e-01
       -7.302141e-01         2.782002e-01
        1.103659e+00        -1.746913e+00
        1.493575e-02         3.339014e-02
        1.125796e+00         1.610746e+00
        1.253262e+00         1.370645e+00
       -2.200647e-02         1.179262e+00
       -2.818807e-01         2.558708e-01
        9.544997e-01        -1.359659e+00
       -1.638537e+00        -1.263413e+00
        1.140345e+00         2.685707e-01
        1.416797e+00         2.389408e-01
        1.433611e+00        -1.162554e+00
        9.551423e-01        -1.093873e+00
       -8.405743e-01        -1.121146e+00
       -1.607312e+00         1.367692e+00
        1.506213e+00        -8.865027e-01
        1.052286e+00        -5.239413e-01
        7.526796e-01        -6.154122e-01
        1.456718e+00        -6.658529e-01
        5.934239e-01         1.234806e+00
       -8.850820e-01         4.739483e-01
        1.398777e+00         6.048004e-01
       -1.214003e+00         1.289753e+00
       -2.458864e-01         3.709271e-01
       -1.389807e+00        -6.216423e-01
       -9.267098e-01         7.535032e-01
       -6.069079e-02         9.327983e-01
        1.323102e+00        -1.562869e+00
       -8.384147e-02         4.207692e-01
       -1.592622e+00        -8.588145e-01
        6.407401e-01        -7.761430e-01
        1.367076e+00         1.155905e+00
        6.436163e-01        -8.348634e-01
        7.673669e-01         8.163597e-01
        1.388075e+00        -8.558984e-01
        1.108633e+00        -3.272757e-01
        1.683782e-01        -1.090191e+00
       -1.717187e+00        -7.486192e-01
       -1.492828e+00         8.915103e-01
       -7.479556e-01         5.323417e-01
        1.269965e+00         1.416619e-01
        6.047501e-01         5.075916e-01
       -9.267523e-01        -2.263845e-01
       -9.988923e-01        -1.055201e+00
        2.492805e-01        -3.105872e-01
        4.595468e-01        -8.180856e-01
       -1.161695e+00        -1.964607e-01
        9.433993e-01        -1.055281e+00
       -1.086835e+00         1.221916e+00
        2.548016e-01        -4.131605e-02
        1.049400e+00        -1.855862e+00
        1.442704e+00        -9.953740e-01
        1.070213e+00        -1.521036e+00
        7.302426e-01         2.818770e-01
        1.427621e+00         7.875992e-01
       -1.743656e+00        -7.417448e-01
        1.617966e-01        -6.228087e-01
        1.844498e-01         5.668936e-01
        9.390786e-02        -6.094478e-01
        8.571504e-01         1.150909e+00
        4.425298e-01         5.409998e-01
       -5.572566e-01        -6.950269e-01
        3.111115e-01         9.900963e-01
        1.036419e+00        -1.385323e+00
       -1.285374e+00        -8.164692e-01
        1.214014e+00         6.990900e-01
       -1.845710e+00        -5.422134e-01
       -1.116750e+00         1.080943e+00
        1.347895e+00        -1.327178e+00
        1.359290e+00        -1.273956e+00
        6.891763e-01         3.442074e-01
       -1.336855e+00        -1.359715e+00
       -9.831382e-01         1.279020e+00
        8.067758e-01        -3.485445e-01
       -9.308374e-01         8.712524e-01
       -3.925915e-01         3.320620e-01
        4.230797e-01        -9.612154e-01
        1.017982e+00        -1.669421e+00
        9.081200e-01         2.289998e-01
       -1.201258e+00        -5.675298e-01
        9.196331e-01         5.419122e-01
       -1.437053e+00        -1.122233e+00
        8.180203e-01         1.106398e+00
       -1.878866e-01         6.923967e-01
       -6.816727e-01         9.318723e-01
        1.468661e+00        -1.494785e+00
       -6.779914e-01         1.828417e-01
        1.021185e+00        -1.609756e+00
        1.261665e+00        -1.266312e+00
       -7.414813e-01        -6.778054e-01
       -2.792656e-01         1.583389e+00
       -3.395538e-01        -4.483639e-01
       -9.915011e-01         4.950604e-01
        5.037574e-01        -7.293981e-01
       -3.433872e-01        -9.177389e-01
        6.791353e-01        -1.352192e+00
       -9.804718e-01        -8.518851e-01
       -5.115083e-01        -1.141420e+00
        3.097605e-01        -1.560787e+00
        1.164122e+00         3.398968e-02
       -1.572101e+00        -2.255588e-01
        1.582106e+00        -1.631593e+00
        1.550479e+00         2.186665e-01
        2.793988e-01         8.193179e-01
        1.666678e+00         2.922746e-01
        1.196715e+00        -1.832318e+00
        1.324039e+00        -1.704672e+00
        5.224904e-01        -1.317586e+00
       -1.780127e+00        -9.840355e-01
        1.084038e+00         6.708679e-01
       -1.040122e+00        -1.262635e+00
       -1.738639e-01         1.691676e+00
       -1.191232e+00        -1.468881e-01
       -3.635806e-01         5.024741e-01
        8.573045e-01        -1.656810e+00
        9.534194e-01         4.814454e-01
       -6.532784e-01         1.301999e+00
        2.499229e-01        -1.225964e-01
       -5.527754e-01        -7.418360e-01
       -8.366487e-01        -3.954898e-01
        1.279213e+00         1.716118e+00
       -9.371777e-02         1.004523e+00
       -9.492157e-01         7.109683e-01
       -1.127461e+00        -1.267939e+00
       -1.046497e+00        -1.245374e+00
       -1.527723e+00        -8.038787e-01
       -3.335890e-01        -9.889630e-01
        1.412141e+00        -6.868048e-01
       -7.284797e-01         1.379483e+00
        1.669183e-01        -6.361718e-01
        4.543907e-02        -1.222363e+00
        2.577889e-01        -1.008994e+00
       -4.654190e-01         1.449519e-01
       -6.405434e-01         1.040430e+00
       -5.752987e-01        -1.502862e-01
        1.681202e-01        -1.534119e+00
       -4.422178e-02         9.069866e-01
        3.618849e-01        -1.310892e+00
       -5.364824e-01         1.618233e-04
        3.175845e-01         8.789488e-01
        1.497927e+00         1.553629e+00
       -2.736964e-01        -5.782665e-01
        5.521211e-01        -1.699385e+00
        8.794681e-01        -1.320752e+00
        1.707224e+00         6.370314e-01
       -1.514641e+00        -3.628031e-01
        9.822136e-01         1.618353e+00
       -1.333740e-01         1.333497e+00
        1.140526e+00         4.056311e-01
       -2.422956e-01         3.970703e-01
       -2.012748e+00        -9.584554e-01
       -1.516901e+00        -4.383117e-01
       -5.195025e-01         1.208965e+00
       -1.105737e+00         1.269013e+00
        8.648112e-02         9.846980e-01
        1.774192e+00         1.408632e+00
        1.381603e+00        -9.160248e-01
       -6.009285e-01        -2.253540e-01
       -1.283524e+00         1.351275e+00
       -4.633390e-01        -1.045628e+00
       -1.633377e+00        -1.183909e+00
       -1.389598e+00         1.024742e+00
        8.575643e-01        -7.430142e-01
       -1.139523e+00        -3.844778e-01
       -2.312028e-01         8.865688e-01
       -3.874683e-01         7.251978e-01
       -7.530339e-01         1.232606e+00
       -1.688395e+00        -3.914065e-01
       -9.850705e-01        -1.057724e+00
       -8.199693e-01        -3.753937e-01
       -1.538461e+00        -1.421876e+00
       -1.464980e+00         1.467863e+00
        1.290707e+00         1.378991e+00
        1.658165e+00         1.305706e+00
        5.110140e-01         8.781110e-01
        5.896354e-01        -1.716248e+00
        6.748097e-01        -3.055237e-02
        5.685907e-01        -1.700669e+00
       -6.882461e-01         1.874370e+00
        1.189080e+00        -1.179319e+00
       -1.278940e+00         1.454659e+00
       -8.323535e-01        -5.830899e-01
       -1.272543e+00        -1.168314e+00
       -8.436542e-01         7.854799e-01
        1.002629e+00        -1.228546e+00
        7.854295e-01        -1.421118e+00
        6.505945e-01        -1.767135e+00
        1.393773e+00        -9.474690e-01
        3.245219e-01        -2.176703e-01
       -1.725624e-01         1.370522e+00
       -1.600398e+00        -6.570383e-01
        1.675755e+00         8.897039e-01
        1.642566e+00         8.678246e-01
        1.615091e+00         2.057037e-01
       -4.142528e-01        -9.599480e-01
        5.487838e-01         7.630385e-01
       -9.939211e-01        -7.394859e-01
        5.182386e-01        -1.171439e+00
       -3.894388e-01         2.532355e-01
        8.194130e-02        -7.703212e-01
       -1.229104e-01        -1.670681e-02
       -6.641938e-01         1.878022e+00
       -8.192657e-01        -2.968530e-01
        1.469655e+00         1.287089e+00
       -1.043717e+00        -7.349364e-01
        7.191800e-01         3.275705e-01
       -9.764258e-01         1.259827e+00
        1.359812e+00         1.610363e+00
       -1.913523e-01        -3.905896e-01
       -8.713609e-01        -9.025285e-01
       -8.585329e-01         1.605038e+00
        1.071441e+00        -9.323212e-01
        8.585664e-01        -8.395009e-01
       -9.755375e-01         1.454420e+00
       -5.128891e-01         1.168024e+00
       -1.713709e+00        -1.460281e+00
        1.277843e+00         1.371618e+00
        1.325704e+00         3.104506e-01
       -8.089303e-01         5.730042e-01
       -6.855079e-01         1.283185e+00
        1.312055e+00         1.489280e+00
        7.619987e-01         7.982492e-01
        3.267713e-01        -1.295408e+00
       -8.002397e-01        -1.216088e+00
       -1.253027e+00        -8.740499e-01
       -1.234541e+00        -1.064391e+00
        4.625428e-01        -7.921104e-01
       -1.270187e+00        -5.781944e-01
        1.306331e-01        -9.818692e-01
       -5.641007e-01         1.449692e+00
        1.598483e+00         4.672355e-01
       -1.167745e+00        -9.756867e-01
       -1.070526e-01         1.218941e-01
       -1.945439e+00        -4.941501e-01
       -1.228972e+00        -1.300233e+00
       -1.314761e+00        -3.993525e-01
       -9.683743e-01         1.209477e+00
       -6.960021e-01         3.010478e-01
       -1.432874e+00         5.985081e-01
        7.331362e-01        -1.710117e+00
        2.755550e-02        -5.996028e-01
        8.095414e-02        -1.420252e+00
        1.316260e+00        -1.734291e+00
        5.327668e-01         2.972863e-01
       -1.492788e+00         1.409657e+00
       -5.507985e-01        -5.003599e-01
       -1.226066e+00         1.464449e+00
       -1.620542e+00         1.252162e+00
        2.588201e-01         5.594663e-01
        1.089421e+00        -1.779294e+00
       -9.440090e-01        -8.944312e-01
        1.030988e+00        -1.158086e+00
        5.279776e-01         8.637362e-01
        1.155207e+00         8.980872e-01
       -5.295255e-01         1.834479e+00
        1.124738e+00        -1.264169e+00
        8.840730e-01         4.801562e-01
        5.189104e-01        -6.676684e-01
        6.944231e-01        -1.652442e+00
        8.647724e-01        -1.565582e+00
       -7.612120e-01         5.769371e-01
        1.262581e+00         1.125578e+00
       -9.698539e-01         1.924710e+00
        1.181532e+00        -4.372427e-01
        3.767715e-01         6.218303e-01
       -2.923024e-01        -3.216995e-01
       -7.829476e-01         5.148855e-01
       -8.706865e-01        -7.072175e-01
       -2.873079e-01        -3.623381e-01
        1.152358e+00        -9.372104e-01
        3.149085e-01         7.744492e-01
       -9.370743e-01         7.218027e-01
       -1.204250e+00         1.682831e+00
       -5.286994e-01         1.123328e+00
        1.444857e+00         3.860676e-01
        5.124743e-01        -5.273814e-01
       -9.237111e-01        -6.803481e-01
        1.475443e+00        -1.356282e+00
       -4.799775e-01         5.319945e-01
        1.547003e+00         1.104781e+00
        1.307755e+00         2.762385e-01
       -6.567009e-01         1.450417e+00
        1.448739e+00        -6.011938e-01
       -4.814614e-01         1.746885e+00
        4.681841e-01         5.054229e-01
       -1.902175e+00        -1.085108e+00
        1.260606e+00         1.359387e+00
        1.402404e+00         3.099583e-01
        1.128939e+00         1.245496e+00
       -3.267021e-01         2.416079e-01
        1.606181e+00         1.034341e+00
       -1.006758e+00         1.160814e+00
       -5.734952e-01        -3.072104e-01
        1.803899e+00         6.658948e-01
        6.364523e-01        -4.534460e-01
       -1.161359e-01        -7.477560e-01
        1.749040e-01        -9.930258e-02
        1.014373e+00        -1.333543e+00
       -8.662424e-01         4.696518e-01
       -2.589459e-01         1.038523e+00
        1.281064e+00        -1.376108e+00
       -6.916644e-01        -1.131827e-01
       -4.730881e-01         1.215740e+00
       -8.275366e-01        -2.159078e-01
       -9.679675e-01         8.081447e-01
        2.489614e-01        -1.405220e+00
        1.226242e+00        -5.255632e-01
       -8.910987e-01         1.654837e+00
        4.450117e-01         1.060473e+00
        3.875932e-03         2.283345e-01
       -7.813733e-01         9.003344e-01
        1.174611e+00        -1.805533e+00
        2.108796e-01         2.621907e-01
        1.015785e+00         4.410679e-02
        1.166758e+00        -1.520234e+00
        3.724272e-01        -7.560095e-01
        1.730858e+00         1.182846e+00
       -8.271805e-01         1.791999e+00
        1.564883e+00         5.729492e-01
        1.085806e+00         8.691393e-01
        3.021268e-01        -8.165151e-01
       -2.445397e-01         1.633100e+00
       -1.362725e+00         1.315389e+00
       -4.419568e-01         1.262081e+00
       -1.236761e+00        -9.008898e-01
        1.701584e+00         1.248215e+00
        8.829235e-01        -1.999926e+00
       -4.279088e-01        -2.521285e-01
        4.041389e-01        -8.582542e-01
       -6.548250e-01        -3.786791e-01
        9.788627e-01         7.808572e-01
        8.891145e-01         1.227035e+00
        1.225320e+00         1.224591e+00
       -9.156834e-01         2.322699e-01
       -5.313785e-01        -6.931051e-01
        1.607852e+00         1.527817e+00
        1.832676e+00         1.058743e+00
        1.679525e+00         1.272570e+00
       -1.096337e+00        -5.931234e-01
       -1.149770e+00        -7.775546e-01
        9.953866e-01        -1.441800e+00
       -1.470802e+00        -2.483127e-01
        1.898904e+00         1.255438e+00
        5.969436e-01        -7.864991e-01
       -1.016180e+00        -3.139898e-01
       -7.549853e-01         1.461430e+00
       -5.691362e-01        -4.128339e-01
       -4.032739e-01        -4.914642e-01
        3.903337e-01         1.238507e+00
       -1.579226e+00        -1.331339e+00
        1.803965e+00         1.092615e+00
       -9.779712e-01         5.582049e-02
        2.048870e+00         7.960917e-01
       -1.295821e+00        -2.040533e-01
       -4.071953e-01         1.227556e+00
        2.638991e-01         2.680647e-01
        3.103608e-01        -1.127988e+00
       -3.220764e-01        -3.361519e-01
        1.201040e+00         1.060598e+00
        1.411699e-01         6.101547e-01
       -8.989049e-01         1.905814e+00
       -3.332557e-01         9.825109e-01
        2.774657e-01        -9.975232e-01
