       -4.654836e-01        -3.923512e-01         1.274148e-01
        1.347625e-01         2.993048e-01         2.400081e-01
       -4.717930e-01        -4.011923e-01         1.093643e-01
        9.398309e-02         1.697505e-01         1.210385e-01
       -1.321438e-01        -9.068226e-02        -4.238772e-01
       -3.341350e-01         4.958412e-01         3.778012e-01
        2.412143e-01         2.060985e-01        -3.335215e-01
       -2.688151e-01         8.424637e-02         5.610547e-02
        3.814162e-01         2.960789e-01        -1.607110e-01
       -1.074382e-01        -5.593792e-02        -9.525457e-02
       -3.263940e-01        -2.634006e-01        -2.665135e-01
       -4.457137e-02         5.946985e-01         3.386595e-01
