        4.050867e+00         2.820074e+00
       -8.215816e-01        -2.707528e+00
       -1.635057e+00        -1.257534e+00
        9.677661e-01         1.990860e-02
        1.203811e+00        -3.666927e+00
       -5.956478e-01        -1.175790e+00
        1.950284e-01        -1.300344e+00
       -1.281168e+00         4.041316e-02
        1.417353e+00         2.482455e+00
       -3.123314e-01         2.304415e+00
        5.405795e-01        -1.591277e+00
       -1.873468e+00         9.965082e-01
       -8.752075e+00         3.503506e+00
        2.340397e+00        -4.055057e+00
        7.346456e+00         6.157089e-02
        3.838954e+00         1.134574e+01
       -2.958460e+00         2.049554e+00
       -1.003932e+01        -3.984548e+00
       -1.901072e+00         2.414159e+00
       -2.002763e+00        -8.786252e-01
       -9.755971e-01         4.079530e+00
        8.120370e+00        -1.835542e+00
       -4.330383e+00        -3.600826e+00
       -2.338122e+00        -3.526150e+00
        6.127097e+00        -3.922070e-01
        3.015948e-01        -2.566366e+00
       -3.347193e+00         1.742705e+00
       -5.798491e-01         3.492972e+00
        1.842519e-03        -1.445050e+00
        4.539036e+00         1.403861e-01
        8.186556e+00         3.422424e+00
       -5.149190e+00        -4.912851e+00
       -1.993235e+00        -1.174560e-01
       -4.455229e-01         3.248951e+00
        5.158825e+00         8.099398e-01
        5.238062e-01        -1.633405e+00
        9.370448e-01         3.593016e-01
        1.723799e+00         6.074726e+00
       -4.562831e+00         1.910665e+00
       -5.374520e+00         4.843279e+00
        1.044847e+01         3.658652e+00
       -4.727959e+00         9.310088e-01
       -1.970113e+00        -5.574581e+00
       -4.188449e+00        -5.512565e+00
       -3.208555e+00         4.928561e+00
        8.331971e-01        -9.961937e+00
        5.967463e+00         2.718405e+00
       -5.543461e+00        -1.910519e+00
        9.027163e-02        -5.637840e+00
       -3.760325e+00        -3.750780e+00
        2.561963e+00        -2.914003e-01
       -2.560218e+00        -5.510272e+00
       -1.885581e-01        -5.173962e+00
        5.551261e+00        -5.540579e+00
       -2.414389e+00        -2.442402e+00
        5.476557e+00         4.027011e+00
       -3.768149e+00        -2.043794e+00
        1.571866e+00         1.613343e+00
       -1.033813e+01        -8.142120e+00
       -2.647311e+00         5.205176e+00
        1.071490e+00        -3.697924e+00
        2.270363e+00        -2.338616e+00
       -3.988202e+00         1.442944e+00
       -2.895017e+00        -9.309701e-01
       -3.520175e+00        -1.211883e+00
       -1.193951e+00        -3.159463e+00
        2.548912e+00         3.745322e-01
       -3.135527e+00         4.566732e+00
       -3.375031e+00         5.315849e-01
       -3.855881e+00         8.441914e+00
        7.293465e+00         7.127743e-01
       -3.787167e+00         3.291866e+00
        2.702833e+00        -2.418727e-01
        5.302404e+00         5.193110e+00
        1.183522e+00         2.527616e+00
        3.490251e-01        -1.451297e-01
        2.911943e+00         5.831856e+00
       -2.098749e+00         3.177414e-01
        2.705278e+00        -4.700990e+00
       -7.640967e-01        -3.083321e+00
       -1.152339e+00         5.118973e-01
       -3.488996e+00         1.891327e+00
        8.654281e-01         4.048847e+00
       -1.451516e+00        -5.958074e-01
       -7.555162e-01         7.483547e-01
        4.313872e+00        -3.973314e+00
        2.867773e+00        -4.110586e+00
        2.303188e+00        -4.179469e+00
       -6.243736e-01         5.182872e+00
        1.048325e+00        -2.314042e+00
       -2.331646e+00        -4.113536e-01
        1.816634e+00        -4.198536e+00
        1.987351e+00        -1.465619e+00
       -6.639939e-01         1.201145e+00
       -1.688350e+00        -4.115467e-01
        3.209953e+00        -1.956644e+00
       -7.029097e+00         3.725924e+00
       -3.668908e+00         1.754904e+00
       -1.330028e+00         4.870838e+00
       -5.470194e+00        -9.843277e-01
        2.487740e+00         3.061111e+00
       -6.594707e-01        -2.214996e+00
       -3.986872e+00         1.014978e+00
       -4.925599e+00         7.477003e+00
        1.051270e+00         2.737653e+00
        3.134211e+00         2.778964e+00
       -2.439822e+00         6.045061e+00
        9.805500e-01         4.260769e-01
        1.169795e+00         4.028226e+00
        4.005284e+00         6.014247e-02
       -6.549039e+00        -2.709317e+00
       -6.240877e+00        -4.372543e+00
        2.229214e+00        -3.943979e+00
        2.842189e+00         2.123390e+00
       -9.973738e-01        -8.357590e-01
        2.863226e+00        -3.988753e-02
       -3.898948e+00         4.340615e+00
        2.061436e+00         6.220119e+00
        3.624933e+00         1.863109e+00
        4.074371e-01        -4.117046e+00
        4.962733e+00         4.383128e+00
       -4.833937e-02        -1.350566e+00
        1.165307e+00        -1.701370e+00
       -1.385382e+00        -5.337143e-01
        9.597318e-01         9.075680e-01
        3.343586e+00        -3.511116e+00
        4.989339e+00         3.461012e+00
        1.449851e+00        -1.850617e-01
       -3.491298e+00         2.206959e+00
        1.088824e+00        -6.797701e-01
        2.181694e+00         1.605891e+00
        8.030152e+00         4.206753e-01
       -5.524731e+00        -6.755522e+00
       -4.979903e+00        -3.366294e+00
        8.738547e-02         2.208151e+00
       -1.086086e+00        -1.712112e+00
       -6.620988e+00         1.155772e+00
        1.745019e+00        -1.586090e+00
       -2.985055e-01        -3.154277e+00
        2.014617e+00         7.572015e+00
        1.033154e+00         3.928484e+00
        1.347135e+00         2.285131e-01
        8.942422e+00        -5.002876e+00
       -1.487450e+00         4.530092e+00
       -5.437443e-01         2.573677e+00
       -1.048179e+00         4.819192e+00
        3.307134e+00        -1.617992e+00
       -1.031626e+00        -3.082735e+00
        1.535277e+00        -8.486954e+00
        2.317040e+00        -5.281980e+00
       -6.199224e+00        -9.862811e-01
        3.996099e+00         6.632634e+00
        5.021859e+00        -3.504972e+00
        3.129087e+00        -1.191499e+00
       -8.403085e+00         3.947883e+00
       -4.170195e+00        -5.747517e+00
       -5.140577e+00        -1.924361e+00
        4.508073e+00        -5.864519e+00
        7.530041e+00        -9.322038e-01
       -6.248877e-01         2.262003e+00
        6.609313e+00        -4.660351e+00
        5.191180e+00         6.819903e-01
       -4.592252e+00        -4.586501e+00
       -3.648316e+00        -1.402036e+00
        6.807866e+00        -4.687409e+00
        1.217375e+01        -1.027707e+01
       -5.537688e-01        -2.631378e+00
        1.124905e+00         2.508973e+00
       -2.061788e+00         6.448633e-01
       -7.406097e+00        -2.311390e+00
        4.531013e+00         4.519558e+00
       -3.619389e+00         3.652737e+00
       -1.447516e+00         1.337043e+00
        1.942900e-01         3.249869e-01
        8.455521e+00         3.456343e-01
        9.553002e-01        -1.944938e+00
       -4.633001e+00         2.077191e+00
        1.869822e+00         1.383714e+00
        2.679170e+00         3.956788e+00
       -4.189911e+00         3.330263e+00
        1.439637e+00        -1.037628e+00
        9.702395e-01        -3.709866e+00
        2.000321e+00        -1.992992e+00
        6.495012e+00         2.033128e+00
       -4.993052e-01        -2.409961e+00
       -9.751549e+00         1.183586e+00
       -2.443283e+00         8.391733e-01
       -5.712034e+00         1.886588e+00
       -1.949730e+00         1.716479e+00
       -2.014116e+00        -2.480641e+00
        4.428387e+00        -6.935561e-01
        1.756579e+00         5.450583e+00
       -2.298291e+00         1.491783e+00
        4.173762e+00         5.073904e+00
        2.118297e+00         1.038919e+01
       -4.142094e+00        -2.078076e+00
        6.076471e-01        -1.346276e+00
        1.019642e+00        -5.132487e+00
        1.111075e-01         2.420831e+00
       -3.734618e+00        -1.024760e-02
       -8.900370e+00        -3.942483e+00
        1.467767e-02         4.090457e+00
        4.196471e+00         7.165111e-01
       -2.665994e+00        -5.715536e+00
        4.769124e+00         9.073070e-01
       -1.918369e+00         1.768502e-01
        1.496926e+00        -2.311949e+00
       -2.897491e+00        -1.956785e+00
       -2.620656e+00         5.050122e+00
        1.320640e+00         2.562541e+00
        8.089408e+00        -3.484154e+00
       -9.294360e-01        -4.107102e+00
        2.214964e+00        -2.506460e+00
       -3.967731e+00         2.439338e+00
       -4.500790e+00        -8.664697e+00
        5.282329e+00         5.152480e+00
        2.916784e+00        -6.375188e+00
       -1.643365e+00         8.187570e+00
        2.835217e+00        -2.089959e+00
       -8.760411e-01        -1.126520e+00
       -9.309670e-01        -3.444918e+00
        6.386282e+00         3.792342e+00
        2.089148e+00         5.891076e+00
       -3.336318e+00         7.978991e-03
       -3.377102e-01        -4.809829e+00
        2.951173e+00         1.014878e+00
        3.396778e+00         2.264865e+00
       -1.664433e+00         5.888488e+00
        3.735989e+00         4.251951e+00
        3.278073e+00        -9.555692e-01
       -4.519928e+00         3.099295e+00
        2.893637e+00         3.623673e+00
       -4.096331e+00        -2.323892e+00
        2.988893e+00         4.451596e+00
        2.544150e+00        -3.006660e+00
        3.597195e+00         8.154504e-02
        1.697564e+00        -1.003553e+01
       -3.776050e+00         6.164467e+00
        1.893507e+00        -5.876067e+00
       -3.320376e+00        -8.961710e+00
       -7.450905e-01        -1.196825e+00
       -3.527840e+00        -3.092763e+00
       -2.189482e+00        -5.469759e+00
       -6.052896e+00         1.625833e+00
        8.854064e-01         2.801734e+00
        1.839909e+00        -1.603334e+00
       -3.649893e-01        -5.034935e+00
       -2.536263e+00        -1.561987e+00
       -8.760311e-01        -6.926102e+00
       -3.531353e+00        -4.834533e+00
        9.022351e-01        -1.045585e+00
       -1.695513e+00        -2.602716e+00
       -2.485765e+00        -7.033603e+00
        4.037616e+00        -3.644885e+00
       -9.222405e+00        -7.271696e-01
        1.932336e+00        -4.215076e+00
       -3.891706e-01        -2.009165e-01
        1.719488e+00         4.273075e+00
       -6.062427e+00         5.767434e+00
        7.395850e+00         1.873585e+00
       -2.732049e+00        -3.904122e+00
       -9.516097e-01        -2.491946e+00
        8.298221e-01         2.827067e+00
        3.395172e+00         6.077362e+00
        4.447478e-01        -9.529237e-01
        1.268924e+00         2.271569e+00
       -3.781584e+00         2.468497e+00
        1.277140e+00        -5.346591e+00
       -1.061734e+00         7.302525e-01
        1.891082e+00         2.482154e+00
        7.337845e-01         3.318216e+00
       -1.560867e-01         2.068702e-03
        2.779782e+00        -2.553794e-01
        2.312119e-01        -4.352784e+00
        3.740412e+00        -4.113040e+00
        2.528403e+00        -4.569040e+00
        1.718890e+00        -1.734724e+00
       -1.188024e+00        -4.673838e+00
       -1.624729e+00         2.778201e+00
        9.025117e+00         3.318574e+00
       -6.384787e+00        -2.116468e+00
        3.474814e+00        -1.559348e+00
        6.582238e+00        -4.293855e-01
        5.191212e+00         4.608816e-01
        6.842182e-01         5.611642e+00
       -3.541116e+00        -3.046962e+00
       -6.171102e+00         1.196259e+00
        1.780133e+00         2.204780e+00
        3.465569e+00        -5.286864e+00
        4.280076e+00        -6.519396e+00
        2.130421e+00        -6.231865e+00
        3.010505e+00         1.414499e+00
        2.171305e+00         2.213573e+00
        5.464176e+00        -2.656945e+00
       -5.720523e+00        -7.240159e+00
        5.882226e+00         3.845879e+00
        3.463265e+00         1.781658e+00
       -2.996821e+00         8.638011e-01
        9.415743e-01         1.847244e+00
       -1.504573e+00         6.141985e+00
       -4.514711e+00         2.841456e+00
        3.645614e+00        -2.957265e-01
        1.086315e+01        -1.904008e+00
        3.964120e-02         8.208742e+00
        6.178213e+00        -4.906695e+00
        5.851630e+00         8.583963e-01
        5.925393e-01        -3.473741e+00
       -5.567426e+00        -4.323084e+00
       -4.705744e+00        -3.044691e+00
       -4.268252e+00         2.422242e+00
        2.398072e+00         2.103103e+00
       -3.604563e+00         2.907151e+00
       -9.940942e+00        -2.609333e+00
        2.908897e+00         6.300169e+00
       -1.579786e+00         3.234436e+00
        6.666391e+00        -2.167756e+00
       -2.642013e+00         9.184932e+00
       -8.298231e-02         2.760150e+00
        2.010266e+00         3.164149e+00
        2.746391e+00         1.162907e+00
       -1.056515e+01        -1.199758e+00
       -1.408208e+00        -3.982147e+00
       -3.085763e+00        -2.751329e+00
       -3.954725e+00         1.365514e+00
       -2.564263e+00        -3.330524e+00
       -5.513974e+00         2.907563e+00
       -6.966777e+00         1.629012e+00
       -6.435637e-01         1.849495e+00
       -2.326374e+00         1.124463e+00
        2.997357e+00         8.977780e-01
       -1.652300e-01        -8.563041e-02
        2.089899e-01         4.215031e-01
       -7.952888e-01        -5.082312e+00
        5.281614e+00        -2.416624e+00
       -1.667168e+00        -2.686852e+00
        2.419733e+00         5.973980e+00
       -7.824718e+00         4.761450e-01
       -2.437205e+00        -6.822209e+00
       -2.216532e+00         3.116960e-02
        7.743307e+00        -4.612495e+00
        4.418502e+00         5.316289e-01
        2.822758e+00        -5.334331e-01
       -3.360002e+00         2.532252e+00
        1.697540e+00         3.664770e+00
       -1.601563e-02         3.495046e+00
       -1.456179e+00         4.602884e+00
        1.305904e+00         3.331535e-03
       -6.341925e+00         9.193828e+00
        2.247254e+00        -2.824895e+00
        9.854860e-02        -1.093719e+00
       -3.410109e+00        -3.012046e+00
       -6.114817e+00         5.239297e+00
        4.038040e+00        -4.794072e-01
       -9.542895e-01         1.568663e+00
       -6.461383e+00        -1.045258e+01
       -2.688054e+00        -2.009011e+00
        6.270453e+00        -2.766111e+00
       -5.883379e+00        -5.264646e+00
       -8.119114e-01         3.625780e+00
       -9.636630e+00        -1.416038e+00
       -2.516652e+00         4.695361e+00
        7.465669e+00         1.320464e+00
        2.204535e+00        -2.565402e+00
       -3.583127e+00        -7.586366e-02
        3.306923e+00         7.276312e+00
        4.260797e-01        -3.197050e+00
       -3.589341e+00        -4.531561e+00
        2.579000e+00         1.567715e+00
       -7.434621e-01         1.728422e+00
        1.162691e-01        -1.095964e+00
        2.278321e+00         1.407977e+00
       -4.450860e+00        -8.963637e+00
       -3.037695e+00        -4.254059e+00
       -5.000818e+00         3.599474e+00
       -1.122977e+00         4.638929e-01
        8.946549e+00         1.416917e-01
       -3.972400e+00         5.772543e-01
       -4.703249e+00        -1.658166e+00
       -2.277114e+00        -1.853457e+00
        4.995135e+00         9.240806e-01
       -1.620433e+00         5.580765e-03
       -3.819727e+00         9.082505e-02
       -2.433856e+00         6.689787e-03
       -1.534089e+00        -3.257735e+00
       -5.435041e+00         4.148432e-01
        1.350801e+00        -1.567459e+00
       -5.040859e+00        -3.252242e+00
        5.830618e+00        -2.769827e+00
        7.667802e-01        -5.263133e-01
        3.960071e+00        -1.489173e+00
        8.530479e-01         7.399857e+00
        2.563117e+00         8.191132e+00
        1.055418e+00         2.868952e+00
        5.043284e+00         2.644482e+00
       -3.132841e+00        -8.074972e+00
        1.301032e+00        -4.260934e+00
        7.027871e+00         1.305968e+00
        7.118274e-01         2.526501e+00
        2.922171e+00        -8.121946e-01
       -4.585451e-02        -2.063203e-01
        3.949161e+00         1.311680e+00
       -1.491423e+00         3.471103e+00
        3.019009e-01        -3.562100e+00
       -6.967128e-01        -2.749558e+00
       -2.564885e+00         2.023589e+00
       -6.751995e+00        -6.151407e+00
        5.108622e+00         1.396114e+00
        3.243273e+00         1.842298e+00
        5.587905e+00        -1.384814e-01
        3.254182e+00        -2.349383e+00
       -4.491404e-01        -4.275528e-01
       -2.627885e+00        -1.131041e+00
        1.010161e+00        -8.959945e-01
        5.875093e-01        -5.537944e-01
        3.246556e-01         2.516126e+00
       -6.947303e+00         5.170227e+00
        2.645119e+00         4.608539e+00
        4.713008e+00        -4.273535e+00
        7.043922e-01        -2.164470e+00
       -6.741857e+00         5.216362e+00
       -1.266761e+00         1.190868e+00
        4.606372e+00        -1.684931e+00
       -9.850476e-01         2.681382e+00
        2.440681e+00         2.534863e+00
        4.164474e+00         2.506639e+00
        3.834496e-02        -6.828201e+00
        6.358546e+00        -4.150804e+00
        5.146649e+00         5.400264e+00
        3.071368e+00         1.426652e+00
        1.177108e+00         1.527642e-01
       -1.467902e+00        -1.569091e+00
       -2.492013e+00         7.274376e+00
       -6.907617e+00        -2.265938e+00
       -1.762119e+00         2.956163e+00
        2.449737e+00        -3.228887e+00
        5.545031e+00         6.235302e+00
       -4.111979e-01         9.999002e-01
        1.505969e+00        -1.325926e+00
        4.695793e+00        -5.635032e+00
        6.282082e+00        -3.241195e+00
       -3.634929e+00         1.599578e-01
        2.010181e+00         1.662462e+00
        2.829026e+00        -4.397971e+00
        1.838154e+00         2.617717e+00
        2.773514e+00         1.050988e+00
       -4.092433e-01        -3.597659e+00
        7.072433e-02         1.041530e+00
       -4.876908e+00        -1.086036e+00
       -4.308649e+00         4.224266e+00
        2.039076e-01         4.713935e+00
       -1.138796e+00         1.138603e+00
        2.526288e+00         4.011512e+00
        2.004511e+00         1.522094e+00
       -5.853187e+00         3.917576e+00
       -1.431949e+00        -3.040303e+00
       -5.832626e+00        -1.315513e-01
       -1.689761e-01         2.246238e+00
        2.286442e+00        -6.328530e-01
        4.647674e+00        -1.545083e+00
       -4.468924e+00        -1.253516e+00
       -3.737693e+00         4.738738e-01
        1.683408e+00        -2.591117e+00
       -1.930808e-01        -1.864490e+00
        3.747911e+00        -1.586177e+00
        9.658670e-02         3.356740e-01
        3.525402e-02         2.186573e+00
       -3.943291e+00        -4.412833e+00
       -2.476320e+00        -3.688812e+00
       -6.148103e-01         1.700271e-01
        3.718865e+00        -4.545559e+00
        1.788369e+00        -2.152563e+00
        1.275590e+00         7.992873e-01
        1.726450e-01         8.259133e+00
       -2.904414e+00        -9.966989e-01
        1.926283e+00         6.519674e-01
        1.218309e+00         4.283517e+00
       -1.976950e+00         5.116862e-01
       -8.072521e+00        -5.835700e+00
       -9.534239e-02         6.134613e-01
       -2.298062e+00        -6.053087e+00
       -2.128690e+00         4.253343e+00
        9.627245e-01        -3.080676e+00
       -1.805523e+00         4.140030e+00
        1.816842e+00        -8.838415e+00
        2.861807e-01         4.682530e+00
       -1.149910e+00        -4.167749e+00
       -1.929611e-01         1.170375e+00
       -8.995278e-01        -3.121495e+00
       -8.653178e-01         7.490707e-01
        2.276982e+00         1.737870e+00
       -2.521282e+00        -2.897972e+00
        2.969483e+00         2.408635e+00
       -3.197845e+00         1.831112e+00
        3.022924e+00        -1.948174e+00
        4.523369e+00         2.163178e+00
       -3.780691e+00         7.265998e-01
        3.160396e+00        -2.133826e+00
        3.852858e-01         5.266535e+00
        4.040235e+00         3.535244e-01
       -1.670050e+00         2.692214e+00
       -8.375055e-01        -6.799198e-01
        4.034736e-01         2.199371e-01
        8.698686e-01         9.572614e-01
       -2.591695e+00         2.943677e-01
       -6.649430e-01        -4.758355e-01
       -2.880988e+00        -3.115778e+00
       -6.439919e-01        -2.713031e+00
       -5.027238e-01        -2.887460e+00
        1.850304e+00        -1.723572e+00
       -1.811921e-01        -3.796679e-01
        1.550003e-01         2.090158e-01
       -1.444931e+00         1.162774e+00
       -5.572768e+00         2.606984e+00
        2.369707e+00        -1.120152e+00
        2.470668e+00        -4.878137e-01
       -3.828737e-01         4.839078e+00
       -5.945160e+00        -2.979409e+00
       -8.194809e+00         5.488700e-01
        1.982191e-01         2.057356e+00
       -4.396802e-01        -3.470164e+00
       -1.727192e-01         5.345511e+00
        3.534962e+00         1.332726e+00
       -4.261742e+00         6.698635e-01
       -1.680939e+00         1.272974e+00
        2.671301e+00        -8.015233e-01
        6.801237e-01        -1.017949e+00
       -4.051490e+00         2.093513e+00
        1.387183e+00         2.713525e+00
       -9.439412e-01        -3.289721e+00
       -5.038318e-01        -1.366164e+00
        4.434780e+00        -4.028874e-02
        3.502428e-01        -4.025779e+00
       -1.146832e+00         3.387409e-02
        6.387798e-01         1.853619e+00
        3.567199e-01         3.948737e+00
       -1.696275e+00        -3.256801e-01
       -8.126612e-01         6.619352e-01
        1.739468e+00         8.530257e-01
       -4.456228e+00        -1.207728e+00
       -2.353719e+00         2.565129e-01
        9.953447e-01         3.370040e+00
       -2.471876e+00        -1.270043e+00
       -1.618680e+00        -8.905484e-01
       -2.280826e+00        -5.603151e+00
       -3.387440e+00         1.845109e+00
        4.450288e+00        -1.393826e+00
        2.637902e+00         7.202766e-01
       -9.683996e-01         3.062139e+00
        2.555226e+00         4.167476e-01
       -2.432316e+00        -1.429930e+00
       -2.079053e+00         2.104102e+00
        1.377203e+00        -4.699673e+00
        6.452360e-01        -5.310077e+00
        2.760008e+00        -2.579951e-01
       -4.586461e-01        -3.519659e+00
        3.016457e+00         9.227389e-02
       -5.707494e-01        -4.269096e-01
       -5.781396e-01        -2.370226e+00
       -5.020925e+00        -1.896511e+00
       -5.140710e+00         1.254962e+00
       -2.820989e+00         1.063782e-01
        1.861772e+00         3.937895e+00
       -2.233058e+00         5.852527e-01
       -1.424410e+00        -1.787037e+00
       -1.515884e+00         2.830320e+00
       -4.362950e+00         1.679693e+00
        2.988932e+00        -2.467477e+00
       -2.668185e+00         1.793391e-01
       -1.961086e-01         1.347158e-01
       -8.697631e-01         4.676488e+00
        4.098263e+00        -3.144163e+00
        1.160603e+00         5.238942e-02
        3.242844e+00        -5.624127e-01
        2.347417e+00         1.044310e+00
        1.933621e+00         1.319292e+00
       -1.725194e+00         3.395838e+00
        5.361668e+00         2.008226e+00
       -2.973776e+00        -1.750778e+00
        3.265132e+00        -1.305274e+00
       -1.530809e+00         1.071634e-01
       -4.859085e-01         2.036624e+00
        2.038694e+00         2.213653e+00
       -1.877994e+00         3.104724e+00
        1.551624e+00        -1.462397e+00
       -1.518509e+00         2.294012e+00
        3.004102e+00         1.388604e+00
        4.336328e+00        -2.464734e+00
       -4.940218e-03        -1.627987e+00
       -6.773401e-01         4.116881e+00
       -7.067354e-01        -2.142237e+00
       -2.806639e+00         3.563350e+00
        7.054947e-01         3.018168e+00
        2.222628e+00         5.342789e-01
        1.488696e+00         9.111988e-02
       -9.131533e-01        -1.768964e+00
        7.807975e-01         1.253607e+00
       -1.579887e+00         1.784059e+00
       -3.115377e+00        -1.554040e+00
        9.928878e-01         3.483351e+00
       -8.373842e-01        -1.632836e+00
        1.742546e-01         9.296880e-01
        2.372767e+00        -1.141563e+00
       -5.629308e-01        -1.023800e+00
       -1.852333e+00         1.253796e+00
        1.160378e+00         3.804078e+00
        1.285856e+00        -4.333905e+00
       -3.601965e-01         2.741667e+00
        2.525808e+00         1.419447e+00
        9.229716e-01         1.045643e+00
       -2.871582e-01        -1.420493e+00
       -5.302363e+00        -9.358744e-02
        1.693228e-01        -6.487927e-01
        1.405541e+00        -1.560863e+00
        3.891095e+00         1.386366e-01
       -1.339389e+00        -1.491898e+00
        2.521108e+00        -1.449553e+00
       -7.391281e-01         2.624663e+00
        4.295345e+00         4.624310e+00
       -1.909362e+00         1.930181e-01
       -1.131863e+00         6.409656e-01
        1.682064e+00         1.730124e+00
        2.471526e-01        -1.320222e+00
        1.755321e-01        -3.924123e+00
       -2.213017e+00        -2.237974e+00
        1.158202e+00         1.019812e+00
        5.167270e+00        -2.721968e+00
        2.569072e+00         9.094817e-01
       -1.748567e+00        -5.368251e-01
       -4.751649e+00         6.345359e-01
       -1.529568e-01        -9.722292e-01
        7.425764e-01         2.916724e+00
        3.324595e+00         6.109791e+00
       -1.176400e-01        -2.641060e+00
        2.652884e+00         2.167002e-01
        2.249854e+00         1.577375e+00
        1.031620e-01        -3.596104e+00
       -2.645718e+00        -1.105383e+00
        1.819478e-01         1.529681e+00
        2.634156e-01         3.080465e+00
        6.321817e+00         5.243426e+00
        1.648174e+00        -1.134422e+00
        3.841422e+00         9.168580e-01
        1.190757e+00        -5.210341e+00
        1.288637e+00         3.639577e+00
       -8.305082e-01         1.531183e+00
       -2.685622e+00         4.356517e+00
        1.922808e+00        -1.974261e+00
       -2.271314e+00        -7.883277e-01
        1.500581e+00        -3.696098e+00
        3.361914e+00        -1.434322e+00
        1.674723e+00         1.022129e+00
       -1.055363e+00         1.740446e+00
        2.262614e+00        -3.252117e+00
        8.459284e-01        -2.058323e-01
       -5.672744e+00         9.935759e-01
       -2.492516e+00        -9.570933e-01
       -2.523109e+00        -6.092629e-01
        2.311079e+00        -1.132317e-01
        2.992824e+00         2.582551e+00
       -1.444097e+00        -4.861889e-01
        1.173711e+00        -3.359139e+00
        1.111384e+00         2.412686e+00
        7.141741e-01        -2.047147e+00
       -4.530819e+00        -7.841689e-01
        3.107209e+00         1.139766e+00
        5.995549e+00        -3.976432e+00
       -9.270482e-01        -5.565966e+00
       -1.458550e+00         1.106135e+00
       -2.350437e-01        -2.300150e+00
       -4.414370e+00        -1.199198e+00
       -1.672155e+00        -1.681038e-01
       -4.976406e+00         2.126206e+00
       -3.648101e-01        -2.012053e-01
       -5.784080e-01         2.434030e+00
       -1.582742e+00        -3.885664e-01
        2.404270e-01        -5.849251e-01
       -2.290589e+00         1.879752e-01
        2.528143e+00         2.301163e-01
        1.609421e+00         9.312949e-01
       -6.628115e-01         5.610186e-01
        2.825126e+00        -1.444963e+00
       -1.035948e+00        -2.243181e+00
        2.613383e+00        -3.942284e+00
        3.132541e+00         4.188717e-01
       -1.847358e+00        -2.858900e+00
       -2.770977e+00        -3.248248e+00
        1.122489e-01        -9.546699e-01
       -3.552056e+00         2.224700e+00
        1.837185e+00         1.186422e+00
       -7.882556e-01         9.657855e-01
        1.861633e+00        -8.199837e-01
       -1.730205e-01         4.086730e+00
        3.305739e-01        -1.052707e+00
        4.327318e+00         9.353585e-01
        2.351311e+00         4.462308e+00
       -1.560172e+00        -1.993485e+00
       -3.079356e+00        -2.605204e+00
       -2.697498e-02        -3.496952e+00
        1.613215e-03         4.132179e+00
       -1.148145e+00        -2.003784e+00
       -5.556019e+00        -2.404281e+00
        2.214984e+00         1.167996e+00
        2.866715e+00         3.577694e+00
       -9.974516e-01        -1.909362e+00
        4.318305e+00         1.554917e+00
       -1.583553e+00         1.265829e+00
        7.462084e-01        -2.321536e+00
       -4.678806e+00         2.470400e-02
       -1.240164e+00        -5.158355e-01
        3.477765e-01        -3.830612e-02
        1.985537e+00        -2.682050e+00
       -4.966560e+00        -2.039037e+00
        6.571405e-01        -1.609073e+00
       -1.211679e+00         3.041303e-01
        2.224552e-01        -2.065329e+00
        3.776710e+00         7.524241e-01
        1.096557e+00         5.528532e-01
        2.988604e+00         4.623931e+00
        1.527383e+00        -1.895316e+00
       -3.728601e+00        -6.752522e-01
        2.478130e+00        -2.801721e+00
        4.735560e+00         3.884574e+00
       -1.555648e+00         1.982598e+00
       -3.007327e-01        -7.270962e-01
        2.551616e+00        -2.711550e+00
       -1.721203e+00        -2.801386e+00
        1.936282e+00         2.170290e+00
        4.607356e-01         3.996536e+00
        1.742509e+00         1.059663e+00
       -1.049116e+00        -1.160003e+00
        2.742673e-01         8.262130e-01
        1.721911e+00        -4.336333e-01
       -2.876933e-01         1.741622e+00
       -9.159660e-01        -8.790292e-02
       -2.437513e+00        -2.325373e+00
        2.919759e+00         2.759344e+00
        9.161198e-01        -6.861134e+00
       -2.013928e+00         3.467973e+00
       -7.843168e-02        -8.389744e-01
        1.297635e-01        -2.528516e+00
        3.195778e-01        -7.501583e-01
       -4.039559e+00         3.252839e-01
       -2.617997e+00        -2.510172e+00
       -2.484499e+00         2.395357e+00
       -1.567409e+00         1.064836e+00
       -1.213590e-02        -3.309989e+00
       -5.649944e-01        -3.459512e+00
        2.016252e-01         1.752167e+00
       -2.966215e+00        -2.416257e+00
       -5.073193e+00        -1.017764e+00
       -2.447540e+00        -5.452324e-01
       -1.386790e+00        -3.843805e+00
       -2.483409e+00        -2.394908e+00
        4.251839e+00         2.719637e+00
       -2.187465e+00        -2.437163e+00
        3.545319e+00        -9.800510e-01
       -1.680240e+00        -3.621961e+00
       -3.580809e+00         4.162109e+00
       -2.198193e+00         3.787997e+00
        4.478172e+00        -2.174023e+00
       -1.802922e+00        -8.681677e-01
       -2.372256e+00        -1.901498e-01
       -2.596427e+00         5.668678e+00
        1.247603e+00         4.494810e+00
       -2.672247e-01         6.770962e-01
        1.181445e+00         3.108352e-01
        2.898632e+00         1.241314e-01
        8.546679e-01        -3.243171e+00
       -1.101832e+00         3.306317e+00
        6.715580e-01         4.569491e+00
       -2.478063e+00        -4.731158e-01
       -2.746958e+00        -1.598739e+00
        1.149600e+00        -3.001992e-01
        7.542705e-02        -3.079258e+00
        3.808615e+00        -1.047664e-01
        2.478464e+00        -1.281157e+00
        2.547110e+00        -1.264670e+00
       -1.326330e-01        -2.995494e+00
        3.020021e-01         1.666555e+00
        2.361199e+00         1.133085e+00
       -2.081879e+00         1.637096e+00
       -9.248370e-01         2.024520e+00
        3.404022e+00        -6.986327e-01
        3.673749e+00         2.221082e-01
       -3.074476e+00         3.464847e+00
       -2.531495e+00        -4.778578e+00
       -1.878905e+00        -2.869288e+00
       -3.345073e+00         2.736629e-01
        1.801197e+00        -1.920339e-01
        2.544685e+00        -6.058283e+00
       -1.771426e+00        -2.623418e+00
       -4.410007e-01         3.070053e+00
        2.478028e+00         4.980868e-01
        4.266926e-01        -1.058106e+00
       -1.701784e-01        -4.695749e+00
        2.734064e+00        -1.385990e+00
        3.654559e+00         1.089669e+00
       -2.105806e+00         5.649751e-01
        1.973973e+00        -5.063099e-01
       -1.334510e+00         2.373624e+00
       -2.843238e+00         9.388725e-01
       -6.146554e-02        -8.156326e-01
        5.155459e+00        -3.160286e+00
       -2.320497e+00         3.482087e+00
        2.613197e+00        -2.926936e+00
        1.181825e+00        -2.511993e+00
       -5.576786e-03        -2.497270e+00
       -2.036626e+00        -1.722430e+00
       -3.179715e+00        -1.927076e+00
        1.008086e+00        -6.498427e-01
        2.417271e+00        -1.594323e+00
       -4.963549e+00         3.241098e+00
       -3.115906e+00        -6.847569e-01
        9.958645e-01         2.727677e+00
       -1.846671e+00        -1.310182e+00
        4.433249e+00        -8.126740e-01
       -4.143372e+00         4.876907e+00
        7.386170e-01        -8.579697e-01
        2.785447e+00         2.367317e+00
       -1.119867e-02        -8.103438e-01
       -3.457889e+00        -1.707766e+00
       -1.933235e+00        -2.243655e+00
       -2.537538e+00         6.274998e-02
       -3.284329e+00        -7.037876e-02
       -1.783765e+00        -1.750121e+00
        5.714668e+00         2.908725e+00
       -1.607238e+00        -4.021508e-01
       -9.783050e-01         8.961395e-01
        1.220171e+00        -2.671664e-01
        3.071519e+00        -1.712390e+00
       -6.326390e-01         1.322285e+00
       -3.416654e+00         1.765609e+00
        1.916848e+00        -1.128222e+00
        2.292139e+00         7.387786e-01
       -3.754656e+00        -1.094101e+00
       -1.976003e+00         3.999175e+00
       -4.581106e+00         2.677992e+00
       -4.100397e+00        -2.364760e+00
       -6.911776e-02        -2.916330e-01
        1.983707e+00        -2.743988e+00
        5.004571e+00         1.231319e+00
       -5.534730e-01        -3.739610e+00
       -1.055324e+00         8.362387e-01
        4.491860e-02         1.558585e+00
       -8.214872e-01         3.896637e+00
        2.340810e+00         1.883050e+00
        9.319522e-01        -2.479580e-01
       -3.183722e+00         5.109001e+00
        2.142619e+00         1.238888e+00
        2.041412e+00        -3.209902e+00
       -2.400074e+00        -1.466310e+00
       -4.809007e+00         5.914602e-01
        1.437532e+00         3.573133e-01
        4.800841e-01         7.593997e-01
       -2.627253e+00        -5.499122e+00
       -3.453324e-01        -1.542323e+00
        1.537587e+00        -1.014149e-01
       -2.525003e+00         1.739149e+00
        2.501495e-01         4.387850e-01
       -3.870747e+00        -3.041576e+00
        2.519842e+00         2.899368e+00
        5.576547e+00         1.757841e+00
       -5.272477e-01        -1.506435e+00
        2.513064e-02         1.218628e+00
        2.752587e-01         2.668604e+00
        7.538206e-01        -1.077959e-01
       -1.831453e+00        -4.627470e+00
       -6.807709e-01         2.799813e-01
        3.113628e+00         5.074816e+00
        3.121413e+00         7.803643e-01
       -3.189547e-02         6.074291e-01
       -2.662650e+00        -3.767093e+00
       -2.177438e+00        -2.134787e+00
       -1.236293e+00         3.819439e+00
       -5.003141e-02         1.640332e+00
        5.927511e+00        -1.825409e-01
       -3.730488e+00         4.077392e+00
       -8.636974e-01        -1.674958e+00
       -7.148723e-01         3.119198e+00
        1.783230e+00         3.585376e-01
       -1.235075e+00        -2.838665e-01
       -3.948646e-01        -2.628399e+00
       -2.450323e+00        -1.783882e+00
        5.310018e-01        -1.199442e+00
       -1.601079e+00        -5.580524e-01
       -1.237111e+00         1.895249e+00
       -4.004502e+00         1.399018e+00
        3.038210e+00        -1.941880e+00
        1.057762e+00         5.691002e-02
        1.669391e+00        -2.151046e-01
       -1.891393e+00         3.936624e+00
       -2.802194e+00         5.660246e+00
        2.704519e+00         3.911925e+00
        1.861906e-03         1.152714e+00
       -3.481720e+00        -6.525310e+00
       -1.564380e+00        -3.803942e-01
        1.804136e+00         4.008175e-01
        1.563085e+00         2.749542e+00
        3.820762e-01         7.241229e-01
       -1.114712e-02        -5.129585e-01
        6.344998e-02         9.818230e-01
       -6.139664e-01        -3.283331e-01
        2.293735e+00        -1.430308e-01
       -1.156183e+00        -4.359568e+00
       -3.095931e+00         9.798444e-01
       -2.811994e+00        -2.435611e+00
        2.631413e+00         2.286773e+00
       -2.066723e-01        -2.193721e+00
        1.974566e+00         1.334684e+00
        1.452014e+00         1.489559e+00
       -1.952674e+00         1.404426e+00
        9.240434e-01        -1.632510e+00
       -1.184801e-01         9.356814e-01
        2.080979e+00         1.577044e+00
        1.916993e+00        -2.432375e+00
       -1.840170e+00         4.573970e+00
        6.393257e-01         1.504301e+00
       -7.630218e-01        -3.162199e+00
        2.324227e+00        -2.071696e+00
       -2.097294e+00         1.074382e+00
       -1.593367e+00        -9.558760e-01
       -6.275939e-02        -7.766432e-01
       -8.617229e-01        -4.543043e-01
        1.594672e+00         2.265227e+00
        2.709072e+00         3.475828e+00
       -8.390782e-01        -3.843720e+00
        9.188090e-01        -6.913079e-01
        3.653852e-01         1.041012e+00
        2.742511e+00         2.040672e+00
        6.594987e-02         1.836442e+00
        8.070958e-02         3.869437e-01
       -9.111241e-01         4.907075e+00
       -3.454677e+00        -1.829388e-01
       -3.574743e-01         2.038543e+00
       -1.562512e+00        -5.221479e+00
        3.665190e+00         2.657278e+00
       -1.816180e-01         3.007219e+00
        4.004475e-01        -2.906012e+00
        2.893263e+00        -3.267131e+00
        4.025414e-01         1.596588e+00
        2.639941e+00        -4.626982e+00
        2.225047e-01        -6.536293e-01
        3.901498e+00        -5.191190e-02
        3.058722e+00        -6.592986e-01
        2.353161e+00        -1.815000e+00
       -1.878501e+00        -2.627408e-01
       -1.167373e+00         2.581104e+00
       -1.415535e+00         5.148732e-01
        4.462549e-01         1.889310e+00
        8.916259e-01        -1.621611e+00
       -1.430410e+00         4.429196e+00
        3.669786e-01         1.617469e+00
        1.900931e+00        -1.317713e+00
       -6.542073e+00         9.524070e-01
       -2.553226e+00        -1.903564e+00
       -4.441641e+00         1.554203e-01
       -3.021776e-01        -1.371967e+00
        1.866546e+00        -9.380143e-01
        3.596901e+00        -4.495106e+00
       -3.575832e+00        -3.581213e+00
       -2.241328e+00         3.012230e-01
        5.991980e-01        -2.810086e+00
       -1.408462e+00        -5.926313e-01
        2.948624e+00        -3.487854e-02
       -1.846863e+00         4.208496e-01
        2.018917e+00         9.187310e-01
       -2.399803e+00        -7.802426e-01
       -5.366342e-01        -4.743062e+00
        2.256193e+00         4.714253e+00
       -1.051900e+00        -3.599305e+00
       -1.005404e+00        -1.051391e+00
        2.795789e-01        -9.016919e-01
        3.596206e+00         2.541148e+00
       -4.290196e+00         5.094815e-01
        2.206388e+00         1.455213e+00
        1.416896e+00         2.016491e+00
        8.690859e-01         2.079004e+00
       -1.898579e+00        -1.466560e+00
        1.957665e-01        -2.607871e-01
       -9.315559e-01        -4.338614e+00
       -5.783111e-01         2.900816e+00
       -1.955381e-01        -5.293827e+00
       -2.293659e+00         4.048378e+00
       -5.204521e-02        -4.932827e+00
        6.326205e-01        -1.405814e+00
       -1.521365e+00        -2.047001e+00
        2.299403e+00        -6.559539e-01
        1.808988e+00        -1.474165e+00
       -4.222862e-01         1.414400e+00
       -1.533255e+00         3.258426e+00
       -2.034288e+00        -3.236988e+00
       -1.220025e-01        -1.327502e+00
       -2.233901e+00        -1.649093e+00
        1.991071e+00         3.635808e-01
        4.684614e+00         1.301434e+00
       -4.275069e+00        -5.963505e-01
       -1.417248e+00        -1.436649e+00
       -7.978732e-01         6.415780e+00
        3.438054e+00         4.812392e+00
       -2.158062e+00         3.185920e+00
