        5.463311e-02        -7.312717e-01
       -1.564320e+00         1.403984e+00
       -1.426551e+00        -1.235438e+00
       -9.109761e-01         6.731532e-01
        3.117984e-01         1.151767e+00
       -9.582329e-01         5.835137e-01
       -1.601581e+00         8.154021e-01
        5.207518e-01        -1.170067e+00
        1.807527e-01        -1.151195e+00
        1.102969e+00         5.640360e-01
        5.531732e-01        -1.391287e+00
        1.573120e+00         1.474653e-01
        1.400557e+00        -5.671385e-01
        6.604038e-01         1.248695e+00
        5.263163e-01        -1.470487e+00
        8.079046e-01        -1.243730e+00
        1.236488e+00         1.085672e+00
       -2.528823e-01        -1.486559e+00
       -7.074200e-01        -8.511567e-01
       -1.581512e+00        -3.224575e-01
        6.528654e-01        -7.470699e-01
        1.124202e+00        -1.060489e+00
       -8.884622e-01         5.604046e-01
       -1.399474e+00         9.740714e-01
        3.446800e-01        -8.836232e-01
        1.144191e+00        -1.303436e+00
        1.309232e+00         1.326381e+00
       -4.846991e-02         7.071036e-01
        5.707156e-01         1.296607e+00
        3.949070e-01        -8.030797e-01
        1.209483e+00        -1.170214e+00
        7.050259e-01         1.008865e+00
       -1.439379e+00         1.115490e-01
        9.896391e-01         2.088987e-01
        4.675026e-01        -8.147344e-01
       -1.180180e+00         1.440365e+00
        1.016621e+00         1.152911e+00
       -1.113064e+00         1.477452e+00
        7.534769e-01         1.107131e+00
       -8.359801e-01        -8.316871e-01
       -1.587917e+00        -7.199566e-01
       -7.673058e-01        -7.639838e-01
       -4.894569e-01         1.385456e+00
       -1.408358e+00        -3.906011e-01
        1.009504e-01         5.968567e-01
        1.178284e+00         1.422341e+00
        1.076532e+00         8.511035e-01
        9.193934e-01         7.836707e-01
        1.303968e+00        -1.165514e+00
        3.276063e-01        -9.771840e-01
        2.607199e-01        -3.080710e-01
       -1.410564e+00        -7.607825e-01
        5.235268e-01         8.306521e-01
       -3.520047e-01        -1.676600e+00
        1.009441e+00         1.646534e+00
       -5.693756e-01        -1.046153e+00
       -2.890445e-01         3.284081e-01
        5.375730e-01        -1.510594e+00
        6.932000e-01         1.445324e+00
        1.157567e+00         8.869777e-01
        1.320303e+00        -1.512543e+00
        5.709377e-01        -1.380798e+00
       -7.168585e-01        -1.309033e+00
        7.749830e-01        -1.550145e+00
        1.574476e+00        -5.494558e-01
        9.631698e-01         7.707135e-01
       -9.387604e-01         1.251924e+00
        2.405965e-01        -1.799295e-01
        8.639171e-01        -1.133986e+00
        1.453957e+00        -7.328771e-01
        1.598647e+00         5.754370e-01
       -8.828903e-01        -4.103540e-01
        4.081277e-01        -1.038893e+00
       -6.171720e-01        -1.243997e+00
       -5.839330e-01        -8.420469e-01
       -1.053459e+00         5.511855e-01
        6.714949e-02        -9.419865e-02
        6.209482e-01         6.840119e-01
       -2.645434e-01         9.201982e-01
        8.973584e-01         6.333268e-01
        5.442263e-01        -1.404283e+00
        1.476924e+00         1.385988e+00
       -2.080522e-01        -3.027055e-01
        1.329440e+00         2.703843e-01
       -5.344939e-01         9.292257e-01
        3.882131e-01         6.677516e-01
        7.741582e-01        -6.235145e-01
       -1.847057e-01        -1.405437e+00
       -1.194462e-01        -3.982567e-01
       -1.301014e+00        -6.692717e-01
       -1.401028e+00        -7.181305e-01
       -3.380486e-01         3.582349e-01
        5.426947e-01         7.208408e-01
        1.419749e+00         7.151200e-01
       -4.267304e-02        -3.404494e-01
        1.040886e+00        -1.629425e+00
        1.597153e+00         5.058420e-01
        1.456839e+00        -1.066284e+00
        2.041531e-01         1.694337e+00
        8.233230e-01         4.234372e-01
       -1.472424e+00        -1.255410e+00
       -7.598416e-01        -5.009138e-01
        1.712367e+00         3.528708e-01
       -1.076858e+00        -2.692323e-01
       -1.585869e+00        -1.092676e+00
        1.710590e-01         1.116951e+00
       -8.478000e-01         1.023397e+00
        1.188317e+00         1.596411e+00
        1.418436e+00        -1.338316e+00
        1.347780e+00        -1.346513e+00
       -4.749195e-01        -7.565740e-01
        1.358366e+00        -1.336643e+00
        1.471664e+00         1.288585e-01
       -1.329824e+00         1.231078e+00
        1.171248e+00         3.458454e-01
        6.781113e-01        -3.161373e-01
        9.206299e-01        -7.941644e-01
        1.710650e+00        -1.137007e+00
       -1.514494e+00         1.620451e+00
        6.181734e-01         1.322751e+00
       -1.706848e+00        -9.198447e-01
        1.450672e+00         1.156932e+00
        2.042957e-01        -5.807846e-01
       -5.448536e-01        -1.224067e+00
       -5.811659e-01         1.527964e+00
       -3.304532e-01         9.760584e-01
        1.279045e+00        -1.563676e+00
        3.751674e-03        -9.548815e-01
        7.705949e-01        -1.553213e+00
       -9.638907e-01         1.253480e+00
        4.159885e-01        -1.376158e+00
       -2.263121e-01        -6.363006e-01
        1.559982e+00         2.693641e-02
       -1.435479e+00         1.277791e-01
       -4.650007e-01        -2.020555e-01
       -1.428526e+00         1.748731e+00
        1.642386e+00         1.091886e+00
       -3.818531e-01         8.956405e-01
        8.625740e-01         5.158229e-01
        1.358705e+00        -6.811918e-01
       -2.881521e-01         1.223240e+00
       -1.485112e+00        -8.707716e-01
        1.054739e+00         4.534166e-01
        1.701376e-01        -4.797412e-01
        1.432608e-01        -3.208221e-01
        8.669758e-01        -1.766175e+00
        1.031338e+00         3.270920e-01
        9.981517e-01        -1.332057e+00
        1.247903e+00         1.216144e+00
        7.743443e-01        -1.137566e+00
        7.120872e-01         1.491149e+00
        1.077329e+00        -1.127909e+00
       -1.730323e+00         1.067335e+00
        1.707862e+00         1.526206e+00
       -2.075145e-02         1.304918e+00
       -5.615060e-01        -1.009337e+00
        9.777457e-01         1.669208e+00
        7.829450e-01         9.218819e-01
       -6.445271e-01         1.426865e+00
        1.328906e+00        -8.541286e-01
       -9.594325e-01        -1.058882e+00
        8.983700e-01        -1.325916e+00
       -1.245153e+00         8.510517e-01
        1.298553e+00        -5.161528e-01
       -6.168288e-01        -6.938543e-01
       -1.530752e+00         1.118726e+00
        1.137800e+00        -3.494786e-01
       -6.048445e-01         7.602075e-01
       -1.446543e+00        -8.289277e-01
       -1.528206e+00         4.670408e-01
       -7.466338e-02        -1.126566e+00
        4.449865e-01        -1.740168e-01
        5.331093e-01        -5.885763e-01
        1.655308e+00         1.336468e+00
       -1.126175e+00         7.459589e-01
        1.279805e+00        -1.266686e+00
        4.393403e-01         7.820429e-01
        1.116214e-01        -9.980016e-01
       -3.680615e-01         8.809347e-01
       -7.200469e-01         7.393906e-01
        1.590544e+00         1.559349e+00
       -1.362773e+00        -3.590942e-01
       -1.576509e+00        -3.118159e-01
       -1.486250e+00         7.875559e-01
       -1.457531e+00         2.699225e-01
       -2.074041e-01        -5.236535e-01
        6.329641e-01         1.681290e+00
       -7.483179e-01         4.758338e-01
        3.449901e-02         4.513184e-01
       -7.360998e-01         7.656869e-01
        2.214738e-01        -4.449133e-01
       -1.676922e+00        -1.056753e+00
       -4.401815e-01         1.060956e+00
        7.817109e-01        -1.060620e+00
        5.972881e-01        -1.081543e+00
       -5.618674e-01        -6.233501e-01
        5.613891e-01        -3.240615e-01
       -1.040849e-01         1.687223e+00
       -1.548820e+00         6.495009e-01
        9.740823e-01         5.620736e-01
        1.423065e+00        -7.551342e-01
       -1.651213e+00        -1.109944e+00
        5.517289e-01         1.162254e+00
        8.427084e-01         6.515397e-01
       -1.109771e+00        -8.980410e-01
       -1.384245e+00        -1.033874e+00
       -4.922376e-01         4.886067e-01
       -7.335989e-01        -9.346099e-02
        3.855291e-01        -1.665512e+00
       -3.405648e-01        -8.701387e-02
        8.490002e-01         1.311948e+00
        1.177917e+00         4.674549e-01
        1.731843e+00        -1.161782e+00
       -1.581946e+00        -8.636865e-01
       -1.173742e+00         1.334177e+00
       -4.682339e-01        -1.254403e+00
       -7.389890e-01         8.187020e-01
        5.113801e-01        -4.157094e-01
       -2.409594e-01         7.671821e-01
       -6.056163e-01         7.976065e-01
       -7.285025e-01         1.594618e-01
       -4.674221e-01         1.490031e+00
       -4.104931e-01        -1.088342e+00
        1.068728e-01         2.469409e-01
        1.680353e+00        -8.140464e-02
       -1.148926e+00        -1.443180e+00
        6.702739e-01        -8.707577e-01
        8.910942e-01         6.333261e-01
       -8.331423e-01         1.353940e+00
        9.025421e-01        -7.538868e-01
       -2.017912e-01         1.099521e+00
        5.619686e-01        -1.182709e+00
       -3.832196e-01        -9.250016e-01
        6.612873e-01        -1.602359e+00
       -3.171715e-02         1.320305e+00
        6.658891e-01        -1.727265e+00
        1.613959e+00        -1.767221e+00
        1.078063e+00        -6.595636e-02
        6.397829e-01        -8.813805e-01
        2.733232e-01         6.574832e-01
        8.327875e-01         2.286721e-01
       -1.452381e+00         2.798042e-01
       -1.249132e+00         8.079410e-01
       -1.092552e-01        -1.007305e+00
        3.856746e-01        -5.150925e-01
       -1.178440e+00         5.703774e-01
       -3.052744e-01         1.656865e+00
        1.579647e+00        -1.505598e+00
       -1.461929e+00        -5.803307e-01
        6.159756e-01         3.150287e-01
        9.873172e-01         5.312971e-01
       -1.318767e+00         4.513606e-01
       -4.259097e-01         1.136216e+00
       -9.879847e-01        -1.758046e+00
        6.283270e-01         6.435981e-01
        1.288441e+00        -7.586067e-01
        3.777465e-01         1.458048e+00
        6.415618e-01        -4.374195e-02
       -4.419672e-01         9.173974e-01
        1.636095e+00        -1.081875e+00
        8.750870e-01        -7.246513e-01
        1.129819e+00        -1.649719e+00
       -9.040728e-01        -8.107146e-01
        1.379028e+00        -2.155003e-01
       -1.611410e+00         1.607114e+00
       -1.147807e+00        -4.874217e-01
       -5.882220e-01         8.892346e-01
        2.011727e-01        -4.156674e-01
       -9.382372e-01        -2.547769e-01
        6.812779e-01         1.573357e+00
       -5.060754e-01         9.738917e-01
        1.161501e+00        -1.057284e+00
       -4.904836e-01         3.837662e-01
       -1.518235e+00         1.019101e+00
       -4.863844e-01         5.215490e-01
       -1.028563e-01        -1.360025e+00
       -8.962316e-02        -1.053269e+00
       -1.817658e-01         7.605191e-01
        1.182799e+00         1.167359e+00
        1.624411e+00        -9.596778e-01
       -6.389520e-01         9.778123e-01
        1.154270e+00        -1.203727e-01
        1.239064e+00         8.261672e-01
       -7.987344e-01         1.630910e+00
       -9.480360e-01        -9.811108e-01
        1.000411e+00        -9.137471e-01
        8.655392e-01         5.987373e-01
       -8.187811e-01         1.920825e-01
       -5.203556e-01        -1.849990e-01
        9.510804e-01         9.016812e-01
       -1.015552e+00        -1.065835e+00
        6.390845e-01         1.170858e+00
       -1.753557e+00        -8.837538e-01
       -1.379545e+00         1.394049e+00
        1.240027e+00        -1.110806e+00
        8.158639e-01        -8.518338e-01
        1.126843e+00        -5.859271e-01
       -2.992631e-01         1.369022e+00
       -1.704465e+00         1.557683e+00
       -1.280989e+00         3.779760e-01
       -1.199351e+00         1.509717e+00
        2.543096e-01         7.496520e-01
       -9.050682e-01        -1.238132e+00
       -4.637369e-01        -3.066312e-01
       -9.377998e-01        -7.077694e-01
        4.849608e-01         1.604174e-01
       -6.210623e-01         1.386356e+00
        1.462291e+00        -2.022972e-01
       -1.588673e+00        -1.289000e+00
       -1.286862e+00        -1.404137e+00
        1.380886e-01        -3.044447e-01
       -1.965475e-01        -4.028858e-01
        1.347390e+00         1.138918e+00
        1.119301e+00        -1.730418e-01
       -2.321812e-01        -1.788598e-01
        1.856571e-02         1.288289e+00
       -1.653036e+00        -1.696163e+00
        6.549125e-01        -4.706795e-01
        1.623409e+00        -7.323618e-01
        4.005642e-01        -9.690784e-01
        7.688209e-01        -2.893028e-01
        2.258032e-01        -9.311677e-01
       -3.142529e-01         9.109806e-01
       -1.406883e+00        -1.659296e+00
       -3.301229e-01        -6.833201e-01
        6.557669e-01        -1.014402e+00
       -7.470993e-01        -1.196008e+00
       -2.396998e-01         1.570894e+00
       -1.799488e-01        -5.663633e-01
        6.787870e-01        -1.319382e+00
       -6.495945e-01         1.382263e+00
       -2.498358e-01         7.742701e-01
       -9.202175e-01         9.982169e-01
       -5.591090e-01        -6.582340e-01
       -6.693435e-01         6.986659e-01
       -7.421553e-02         1.590938e+00
        1.228741e+00         3.688813e-01
       -4.337792e-01         1.047651e+00
       -6.959747e-01        -6.527132e-02
       -1.227044e+00        -1.401815e+00
       -6.748923e-02        -1.301068e+00
        1.145025e+00        -1.795960e-01
       -6.783714e-01        -1.003455e+00
       -1.258759e-01        -7.797876e-01
       -9.816816e-01         1.946917e-01
       -9.066563e-01        -8.683698e-01
        5.004022e-01         8.695958e-01
        4.845566e-01        -6.589803e-01
        1.612502e+00         1.035903e+00
       -9.139904e-01         1.775800e+00
        2.171982e-01        -2.266400e-01
       -4.178825e-01         1.039309e+00
        3.482776e-01        -1.215626e+00
       -8.097179e-02        -1.189197e+00
       -7.417029e-01         1.196599e-01
        3.511532e-02         1.706983e+00
        1.458618e+00         1.239025e+00
       -4.771990e-01        -1.538110e+00
       -7.687205e-01        -1.489445e+00
       -3.273425e-01         1.762699e+00
        2.480038e-01         9.987657e-01
       -8.519318e-01        -1.299571e+00
       -1.175721e+00         3.711029e-02
       -8.138065e-01        -1.547302e+00
       -1.348387e+00         2.440909e-01
        8.034084e-01        -8.906131e-01
       -1.115284e+00        -1.298739e+00
       -1.577528e+00         9.669054e-01
        5.750179e-01        -2.790379e-01
        3.106656e-01         5.804761e-01
       -6.553854e-01         7.549256e-01
        1.259625e-01         1.125894e+00
        1.124672e+00        -1.453788e+00
        1.089896e+00        -2.830107e-01
       -1.144668e+00        -3.061141e-01
       -7.727265e-01        -1.236958e+00
       -3.925681e-01         1.009428e+00
       -1.766257e+00        -8.178176e-01
       -9.827077e-01         1.264969e+00
       -1.319778e+00        -1.483627e+00
       -1.060306e+00        -1.465644e+00
        4.811230e-01         5.647864e-01
        1.653744e+00         1.533388e+00
        1.643669e+00        -1.185683e+00
       -8.997082e-01         9.572229e-01
        6.809986e-01         1.250712e+00
       -1.370077e+00        -1.425089e+00
        2.914745e-01        -1.191698e+00
       -1.380577e+00        -1.269636e+00
        1.008170e+00         9.415803e-01
        1.027422e+00         8.548595e-01
       -9.436463e-01        -7.735291e-01
        1.120816e+00         1.519863e+00
       -8.261723e-01        -3.940691e-01
       -5.158732e-01         3.203293e-01
       -8.549101e-01        -1.240186e+00
       -3.742301e-01         1.748885e+00
        1.534430e+00         5.451861e-01
        1.408423e+00        -1.634345e+00
       -4.114652e-01        -1.154976e+00
        2.800419e-01         1.870981e-01
       -1.476709e-02         2.870237e-01
        1.647818e+00         5.222077e-01
        9.561326e-01         4.063944e-01
        3.792054e-01        -6.246261e-01
       -9.638324e-01        -2.184641e-01
        4.978201e-01         7.949787e-01
       -1.787591e-01         2.816997e-01
        9.514585e-01         1.807065e-01
        8.022346e-01         4.895832e-01
        3.039904e-01        -1.147072e+00
        2.301826e-01         1.277691e+00
        6.325025e-01         7.342106e-01
        1.146984e+00         1.574781e+00
       -5.831078e-01        -9.914431e-02
       -8.453513e-01         3.597886e-01
       -9.594168e-01        -5.341710e-01
        1.114024e+00        -1.154094e-01
       -1.039759e+00         1.546682e+00
        9.272120e-01        -1.422905e+00
        1.285679e-01         5.024052e-01
        1.475076e+00        -5.538021e-01
        1.088005e+00        -3.503309e-01
        1.214550e+00        -1.595062e+00
       -3.810951e-01         1.489968e+00
       -1.177563e+00        -6.075857e-01
       -2.080396e-01         8.425200e-01
        1.530916e+00         1.197882e+00
       -5.791318e-01        -7.505671e-01
       -6.518224e-01         3.087457e-02
       -4.993952e-01         6.416982e-01
        1.168638e+00        -1.243890e+00
        8.212921e-02        -1.535310e-01
       -1.193606e+00         4.980578e-01
       -1.279033e+00        -2.762410e-01
        1.654125e+00        -4.497862e-01
       -1.285778e+00         4.083444e-01
       -1.025174e+00         1.349456e+00
        2.485117e-01        -1.046021e-01
        8.992125e-02         1.441889e+00
        1.332653e+00         5.786089e-01
        1.259271e+00         8.976424e-01
       -2.804538e-01        -1.583487e+00
        2.748564e-01         5.489995e-01
        4.546632e-01         6.972004e-01
        7.480538e-01        -5.716929e-01
        4.254940e-01        -1.488966e-01
        1.536401e+00        -6.040563e-01
        1.655903e+00         7.827432e-01
        2.284029e-01         1.104325e+00
        7.791899e-01         9.285343e-01
       -7.169723e-01         9.647901e-01
        5.450442e-01        -4.235184e-01
        3.297317e-01        -2.375289e-02
       -1.545758e+00         5.889908e-01
       -1.637350e+00         5.198055e-01
       -5.040723e-01         7.297370e-01
       -3.370825e-01         4.725377e-01
       -1.356791e+00         1.542309e+00
       -1.067324e+00        -1.004896e+00
        8.069224e-01        -1.743255e+00
        1.309675e+00        -1.136722e+00
        2.898574e-01         2.390803e-01
       -1.737296e+00        -1.588867e+00
       -4.998191e-01        -1.558094e+00
       -7.142147e-01         1.519671e+00
        1.275168e+00        -1.477591e-02
        8.288933e-01        -2.594588e-01
       -1.620364e+00        -1.493164e+00
        1.565248e+00        -1.439265e+00
        4.737683e-01        -6.574045e-01
       -1.214792e+00        -1.125161e+00
        6.243784e-01         1.367402e+00
       -2.187804e-01         7.603822e-01
       -5.923113e-02         1.186561e+00
        1.146041e-01        -8.794454e-01
        4.717608e-01        -1.311612e+00
        4.832364e-01         4.950117e-01
       -8.613855e-01         1.140941e+00
       -1.673259e+00         4.284623e-01
       -3.916855e-01        -1.731827e+00
        5.991483e-01         1.430120e+00
        1.713930e+00         8.079616e-01
       -1.651158e+00        -3.451463e-01
        7.982508e-01        -6.981538e-01
        1.588797e+00         5.122076e-01
       -1.231648e-01         1.098648e-01
       -1.507351e+00         8.696859e-01
       -7.645022e-01        -1.377748e+00
       -1.229047e+00         1.153637e+00
       -6.530716e-01        -1.754633e+00
        1.516375e+00         1.660873e+00
       -3.071491e-02         5.453670e-01
        9.603009e-01        -1.131092e+00
       -7.695115e-01         8.444898e-01
       -2.811519e-01        -5.157314e-01
        1.177111e+00        -7.363866e-01
       -1.650999e+00        -1.668009e-01
       -1.063479e+00        -5.279808e-01
        4.100333e-01        -1.145540e+00
       -5.064263e-01        -1.153792e+00
        8.862650e-01        -1.309145e+00
       -1.257283e+00        -3.208601e-01
       -5.792022e-01         1.089173e+00
        7.732297e-01         7.202621e-01
       -1.245979e+00         3.388821e-02
        1.306456e+00         1.103796e+00
       -4.634053e-01        -1.392760e+00
       -8.568518e-02         1.877284e-01
        5.686239e-01        -7.005435e-01
        1.618609e+00         1.213221e+00
        1.497903e+00         3.896717e-01
        5.099383e-01        -8.080312e-01
       -4.947453e-01        -8.178837e-01
       -2.785659e-01         4.663665e-01
       -8.055407e-02         9.857010e-01
        8.273977e-01        -8.949044e-01
       -8.120515e-01        -1.532661e+00
        8.561252e-01        -1.598623e+00
       -1.336010e+00         1.297703e+00
       -8.777469e-01         2.602349e-01
        9.942130e-01         1.427546e+00
       -7.226862e-01         6.067601e-01
       -9.701677e-01         1.393379e+00
        1.613487e-01        -9.751800e-01
        1.347944e+00        -1.511708e+00
       -1.630728e+00         1.497125e+00
        6.439117e-01        -1.441900e+00
       -7.109644e-01         1.200011e+00
        1.035380e+00         6.655137e-01
       -1.025625e+00         8.230516e-01
       -1.160172e+00        -4.135597e-01
       -1.331153e+00         1.982426e-01
       -1.509906e+00         8.074389e-01
        9.874275e-01         7.997303e-01
       -1.292702e+00        -5.819315e-01
        9.482967e-01         4.151831e-01
        1.298702e+00         1.579575e+00
       -1.551909e+00         8.401381e-01
       -7.400668e-01        -1.067244e+00
        6.744712e-01        -6.101434e-01
        3.409551e-01         7.717358e-01
       -1.133339e+00         6.836461e-01
       -1.537842e+00        -9.684682e-01
       -7.474012e-01         1.618092e+00
       -1.229516e+00         1.614932e+00
       -4.678577e-01        -1.576421e+00
        8.516779e-01         1.115773e+00
       -6.454696e-01        -2.322871e-01
       -6.581666e-01         1.137100e+00
       -8.593234e-01         1.302487e+00
        1.200294e+00         1.716719e+00
       -9.479019e-01         3.484050e-01
        3.805146e-01        -6.110227e-01
       -1.692618e+00         1.394189e+00
        7.830168e-01         1.446577e+00
       -6.579156e-01         1.432140e+00
       -1.446480e+00        -8.645549e-01
       -6.794167e-01        -1.622260e+00
       -9.278211e-01        -1.087974e+00
       -7.000331e-01        -1.191609e+00
       -1.428718e+00         1.370106e+00
       -1.072706e-01        -1.031892e+00
        4.030791e-01         1.056437e+00
        5.917970e-01         6.781713e-01
        2.460829e-01        -7.562255e-01
       -4.803733e-01        -6.126887e-01
       -1.387188e-01        -1.067105e+00
        5.210550e-01        -1.064771e+00
        1.461242e+00        -1.481981e-01
        1.421630e+00        -4.629349e-01
       -5.129682e-01        -6.760023e-01
       -1.424824e+00        -4.229373e-01
       -9.300940e-01         1.011795e+00
       -2.605765e-01         5.911975e-01
       -1.523339e-01         6.071501e-01
        4.122040e-01        -1.631184e-01
       -2.935126e-01        -7.268701e-01
        4.485541e-02         1.459897e+00
       -9.562021e-01         5.881385e-01
        1.494523e+00        -1.068252e+00
        5.858625e-01         1.278891e+00
        8.196998e-01        -9.366217e-01
        1.441590e+00         5.702417e-01
        6.797175e-01        -1.985889e-01
        8.393154e-01        -1.657366e+00
       -4.222359e-01        -1.278284e+00
       -6.579518e-01         1.051454e+00
        3.285496e-01         5.730774e-01
        9.219311e-01        -1.405138e-01
       -5.447441e-01        -4.190556e-02
       -5.956584e-01        -2.551958e-01
       -4.053907e-01        -7.919899e-01
       -8.422819e-01        -2.356674e-01
       -6.196383e-01        -1.062051e+00
        8.714327e-01        -9.714901e-01
       -1.028335e+00        -1.140502e+00
        1.422662e+00         5.691190e-01
       -8.251282e-01         6.653159e-01
       -1.305417e+00         7.898989e-01
       -1.554748e+00         1.146119e+00
        2.939463e-01         1.053474e+00
       -1.220945e+00        -1.291659e+00
        5.953954e-01        -9.473207e-01
        5.864668e-01         1.093427e+00
       -5.250077e-02        -1.038957e+00
       -1.339576e+00        -1.648445e+00
       -5.792731e-01         8.293034e-01
       -3.227198e-01         5.989696e-01
        2.924439e-01        -4.006203e-01
       -9.997673e-01         1.099533e-01
       -8.903161e-01        -9.133663e-01
        4.377229e-01        -9.891263e-01
       -3.783953e-01        -6.976759e-01
        1.249270e+00         1.440764e+00
        2.048011e-01         2.161931e-01
       -1.285545e+00        -1.239526e-01
       -8.926611e-01         8.074235e-01
        7.259683e-01        -1.047259e+00
       -5.287032e-01        -3.272045e-01
        7.915976e-01        -4.943163e-01
       -6.469045e-01        -1.766497e+00
       -5.495945e-01        -9.247202e-01
       -4.583728e-01         9.455876e-01
       -2.482138e-01        -1.012413e+00
       -3.343536e-01         1.750056e+00
       -1.064657e+00        -1.587400e+00
        1.236419e-01        -9.301256e-01
        1.070241e+00        -8.694035e-01
       -1.750501e+00         1.456053e+00
        1.105053e+00        -1.080985e+00
        9.126115e-01         1.190297e-01
        4.473081e-01         4.272181e-01
        1.340746e+00         4.081190e-01
       -1.307649e+00         6.805710e-02
       -9.119699e-01        -1.083294e+00
        7.197259e-01         1.356643e+00
       -1.081101e+00        -5.900826e-01
        9.325317e-01        -1.483950e+00
        7.693082e-01         6.386670e-02
       -9.806872e-01         6.127721e-01
        7.057810e-01         1.749452e+00
       -1.119013e+00         1.316637e+00
        7.283612e-01         1.142492e+00
       -9.832331e-02        -4.812423e-01
       -1.182328e+00        -1.252180e+00
       -1.618533e+00         9.010176e-01
        9.423643e-01        -6.761225e-01
       -5.050631e-01        -3.334078e-01
        6.448254e-01         1.525888e-01
        8.074402e-01         7.813407e-01
       -9.071808e-01        -2.995793e-01
       -1.195982e+00        -1.628899e-01
        1.152274e+00         1.048062e+00
       -2.332434e-01        -6.594230e-01
       -4.329184e-01        -9.890090e-01
       -8.285196e-01         9.452412e-01
       -5.440381e-01         1.585815e+00
       -9.488954e-01        -1.371500e+00
        1.637382e+00         1.610785e+00
       -1.762745e+00         8.223342e-01
       -1.267917e-01         7.940151e-01
       -1.623163e+00         1.093743e+00
        1.383536e+00         2.619934e-01
        8.708991e-02        -1.384692e+00
       -6.581518e-01        -1.265083e+00
        9.692659e-01         1.149924e-01
       -1.223001e+00         5.940604e-02
       -1.532033e+00        -3.084033e-01
        9.865970e-01        -2.700055e-01
        7.107914e-01         1.499268e-01
       -1.131070e+00         3.313373e-01
       -1.173193e+00         2.230678e-01
        1.060185e+00        -1.631092e+00
        1.686577e+00         8.321519e-01
        1.645172e+00         1.251132e+00
        9.921605e-01         6.979735e-01
       -2.873758e-01        -1.443613e+00
       -2.773107e-01         4.618779e-01
       -1.276498e+00        -1.606044e-01
       -7.534538e-01        -1.220658e+00
        1.130676e+00         5.798043e-01
        7.725946e-01         1.352912e+00
        7.508025e-01         3.905942e-01
       -3.939737e-01         6.446242e-01
        1.096071e-01        -1.103984e+00
       -1.162877e+00         1.383787e+00
        5.008817e-01         1.457598e-01
       -5.023719e-01         4.321063e-01
        1.321649e-01         4.868854e-01
       -7.756380e-01        -1.059280e+00
        9.796908e-01         7.166259e-01
       -2.574691e-01        -8.541493e-01
        2.112704e-01        -1.612548e+00
        8.721083e-01         4.409761e-01
        8.455654e-01        -1.668837e+00
       -1.532003e+00         6.123334e-01
       -6.388398e-01        -1.109439e+00
        7.961086e-01        -4.070070e-01
       -1.648067e+00         6.361729e-02
        4.768615e-01        -2.219998e-01
        1.291716e+00         4.900192e-01
       -1.276686e+00         1.242133e+00
       -5.112882e-01        -1.518603e+00
       -8.791817e-01        -1.261088e+00
       -9.524790e-01        -1.403052e+00
       -9.991817e-01         5.210632e-01
       -1.069215e+00        -6.356440e-01
        4.592924e-01         8.210620e-01
       -2.830747e-01        -9.153585e-01
        8.780060e-01        -1.468431e+00
       -1.319856e+00        -1.417014e+00
        1.067259e+00         1.341580e+00
        1.385937e+00        -6.610068e-01
        1.312960e+00        -1.142194e+00
       -6.629700e-01         5.582719e-01
       -1.497593e+00         3.070015e-01
       -1.283349e+00         7.863328e-01
       -8.072424e-01         8.524534e-01
       -1.598616e-01        -1.401418e+00
       -2.783236e-01         6.866507e-01
       -1.068022e+00        -7.567268e-01
        2.378862e-01         8.806399e-01
       -7.392957e-01         4.519852e-01
       -8.505075e-01        -5.033164e-01
       -1.500212e+00         1.204969e+00
       -3.772423e-01        -9.872993e-01
        1.669119e+00        -1.520390e+00
       -5.422374e-01         1.204058e+00
       -1.246042e-01         3.313480e-01
       -1.139892e+00         1.772920e+00
        7.914776e-01        -7.336810e-01
       -1.131889e+00         5.671135e-01
       -9.838744e-01         1.077876e+00
        3.315354e-01        -4.472751e-01
       -2.138313e-01         1.257246e+00
       -1.418609e+00         8.864024e-01
       -8.388406e-01        -2.364842e-01
        3.587398e-01        -7.745773e-01
        2.365854e-01         1.434620e+00
       -1.075418e+00        -8.083239e-01
       -1.085866e+00         7.759601e-01
        1.377094e+00         8.817819e-01
        6.433957e-01         5.692908e-01
       -8.403512e-01        -1.312692e-01
       -9.542884e-01        -3.793143e-01
       -8.785725e-01         1.074791e+00
        1.456592e+00        -1.292688e+00
       -1.210972e+00        -1.649775e+00
       -7.727124e-01        -9.047000e-01
       -9.185467e-01         9.494457e-01
       -1.526732e+00         1.405254e+00
        1.192627e+00        -1.534276e-01
       -1.727312e+00         1.087438e+00
        2.522810e-01         6.817092e-01
       -5.191694e-01        -7.476536e-01
       -5.516540e-02         1.046951e+00
        7.640286e-01         5.908629e-01
        1.435877e+00         1.405171e+00
        1.423180e+00         3.074916e-01
       -1.467738e+00         1.275560e+00
        8.992745e-01         1.085463e+00
       -4.369616e-01        -3.314827e-01
       -1.712571e+00        -9.165045e-01
        1.369711e+00        -8.595679e-01
       -1.685915e+00        -2.029508e-01
       -1.025935e+00         1.224350e+00
       -3.055779e-02         8.863301e-02
        5.140042e-01        -4.196561e-01
        6.991409e-01         1.332884e+00
       -1.071703e+00        -4.228147e-01
        1.100533e+00         8.275800e-01
        3.206822e-01        -2.420149e-01
        1.047050e+00         1.388806e+00
       -1.303386e-01         1.541348e+00
        9.976593e-01         4.798391e-01
       -2.478635e-01        -1.535744e+00
       -2.922492e-01        -1.195719e+00
       -1.567331e+00         1.668944e+00
       -1.125316e+00         1.307379e+00
       -3.797453e-01        -1.353639e+00
        1.609665e+00        -8.200342e-01
        1.035734e+00        -9.753071e-01
        3.504850e-01        -7.726520e-01
       -5.574780e-01        -9.927861e-01
       -7.399767e-01        -1.085597e+00
        1.593093e+00        -1.632768e+00
       -8.936378e-01         3.661317e-01
       -1.523480e+00         8.004943e-01
       -1.379299e+00        -1.067672e+00
       -5.947241e-01         1.226279e+00
       -1.593378e+00         1.272015e+00
       -8.352227e-01         1.567004e+00
        1.554309e+00        -7.411798e-01
       -1.446358e+00        -8.681618e-01
        1.289376e+00        -1.206310e+00
       -8.977237e-01        -1.577082e-01
        1.184500e+00         8.413355e-01
        1.218108e+00        -1.060639e+00
       -8.200466e-01        -1.411925e+00
       -9.377870e-01        -6.422729e-01
        6.492473e-01        -9.472825e-01
       -2.804583e-01         1.430932e+00
       -1.571034e+00        -3.458624e-01
        1.131067e-01         1.582660e+00
       -5.020455e-01         4.951577e-01
       -8.415743e-01         5.354441e-01
        8.100943e-01        -5.064740e-01
       -6.258949e-01        -1.332529e+00
        8.614504e-01        -1.269531e+00
        6.472076e-01         5.179380e-01
        4.850576e-01        -2.750795e-01
       -9.604624e-01         6.233835e-01
       -9.125443e-01        -5.068950e-01
       -5.798652e-01        -1.852103e-01
        1.136242e-02        -1.402524e+00
        1.426376e+00        -7.308278e-01
       -4.154050e-02         1.104174e-01
       -7.817713e-01         4.771827e-02
       -1.104212e-01        -1.447231e+00
       -1.358332e+00         6.850733e-01
        9.189982e-01         2.845896e-01
        1.189491e+00        -1.325194e+00
        1.280002e+00        -1.335978e+00
       -1.384952e+00        -1.268180e+00
        4.174314e-02        -1.438270e-01
       -1.171548e+00         3.586294e-01
       -1.103187e+00         1.234416e+00
       -5.642772e-01         6.422643e-02
        7.166585e-01        -4.502856e-01
        1.311740e+00         7.937597e-01
       -4.368377e-01         1.391262e+00
       -4.265726e-01         8.381972e-01
        7.314641e-01         2.620441e-01
       -3.676194e-01         6.629421e-02
       -7.029457e-01         5.283036e-01
       -1.118165e+00         4.655647e-02
        6.608528e-01        -3.508513e-01
       -1.086472e+00         4.603675e-01
       -8.295264e-01        -6.697652e-01
        4.123892e-01         1.011189e+00
       -1.647797e+00         6.064826e-01
       -9.550887e-01         1.670211e+00
       -2.935059e-01        -1.712179e+00
       -4.150949e-01         5.416140e-01
       -1.488870e+00         1.717305e+00
       -1.518859e+00         7.268418e-01
       -1.447498e+00        -4.474056e-02
        6.393077e-01        -1.590914e+00
        1.195131e-01         1.013721e+00
        7.329938e-01         3.806694e-01
        8.409591e-01         1.796499e+00
       -1.123763e+00        -2.831508e-01
        1.322002e-01        -1.358618e+00
       -1.304513e+00        -8.196015e-01
        4.300778e-01        -1.205865e+00
        1.219393e+00         3.048097e-01
       -9.830069e-01         1.182956e+00
        1.395145e+00         4.193035e-01
       -2.127745e-01         8.569447e-01
        1.305650e+00        -7.792145e-01
        2.306368e-01         8.847251e-01
        3.278800e-01         5.719691e-01
       -3.391264e-01        -6.038032e-01
       -1.645849e+00        -9.628687e-01
       -1.084047e+00         1.235232e+00
        8.611151e-01         1.446971e+00
        1.576696e+00         1.348659e+00
       -1.014155e+00        -7.152349e-01
        6.449387e-01        -4.603183e-02
       -1.141669e+00         1.288751e+00
        2.301061e-01        -4.151845e-01
        1.175499e+00        -3.912466e-01
       -8.507362e-01         1.016311e+00
        1.119509e+00        -1.276368e+00
        5.513354e-01        -1.051135e+00
       -9.296052e-01        -1.425146e+00
       -1.049894e+00         3.478358e-01
       -9.084899e-01         4.932852e-01
        7.949606e-01        -1.315363e+00
        7.518059e-01         1.367462e+00
        2.973952e-01        -1.145159e+00
        1.425559e+00        -6.036459e-01
        8.588868e-01        -1.382308e+00
        1.722970e+00        -1.673622e+00
       -8.554953e-02        -1.465825e+00
        3.476019e-01         9.880961e-01
        6.236002e-01         8.868830e-01
       -4.744499e-01        -1.569157e+00
       -4.743729e-01         2.733767e-01
        1.795472e+00        -1.678751e+00
       -3.855335e-01         7.790525e-01
       -1.771259e+00        -4.638196e-01
        1.622107e+00         4.691783e-01
       -1.292127e+00         9.669046e-01
       -4.497036e-01         7.451609e-01
       -6.721361e-01         9.935216e-01
        1.584465e+00        -1.039835e+00
        1.037198e+00         1.227793e+00
        4.614100e-01         6.052612e-01
       -6.315610e-01        -2.399787e-01
       -1.347033e-01        -9.222772e-01
        1.486317e+00         6.024432e-01
       -2.666848e-01         4.818520e-01
        9.588837e-01        -1.673932e+00
       -4.397384e-01         7.691293e-02
        1.424757e+00        -1.416048e+00
       -8.417648e-02         8.849071e-01
       -1.065299e+00         2.554012e-01
       -1.007603e+00         1.232020e+00
        1.101376e+00         7.680077e-01
        9.496924e-01         1.401431e+00
       -8.569993e-01        -6.626717e-01
        7.439537e-01         1.016660e+00
        4.574562e-01        -5.911730e-02
        2.793934e-01         2.061005e-01
       -7.388791e-01         3.147130e-01
        5.954884e-01        -8.887853e-01
        1.433904e+00         1.603743e+00
        1.672542e+00         1.670609e+00
        4.752676e-01         1.079509e+00
       -1.659839e+00        -1.436755e+00
       -1.694313e+00         6.472063e-01
        1.010448e+00        -1.371719e+00
       -1.420966e+00         9.501158e-01
        1.469274e+00        -8.590884e-01
        6.236954e-01        -1.252866e+00
        1.495539e+00        -8.425393e-01
       -1.596179e+00         1.729557e+00
        6.535107e-01        -3.118324e-01
       -1.206522e+00         1.075079e+00
       -6.954365e-01        -1.259678e+00
       -6.321916e-01        -2.059941e-01
       -7.890551e-01         7.633573e-01
       -4.246227e-01        -1.108216e+00
       -1.093545e+00         1.130778e+00
        1.239693e+00         6.061388e-01
       -1.731576e+00         8.999407e-01
        1.179372e+00        -5.258020e-02
       -2.188947e-01        -1.312981e+00
        1.705013e+00        -1.663627e+00
       -9.578995e-01        -7.514283e-01
       -9.538068e-01         7.967499e-01
       -2.107346e-01         1.214277e+00
       -3.948966e-01         1.430411e+00
       -1.657908e+00        -1.170433e+00
        5.978058e-01         9.581911e-01
       -8.114712e-01        -8.007515e-01
        8.768308e-01        -5.323107e-01
        5.118439e-01         6.184415e-01
        6.339560e-01        -9.918915e-01
        1.304050e+00        -5.431989e-01
       -1.637832e+00        -7.299562e-01
       -3.933631e-01        -1.921135e-01
        9.532216e-01         8.744073e-01
        1.058474e+00        -1.262418e+00
       -1.141078e+00         1.454162e+00
       -8.910443e-02        -1.917419e-01
        1.145120e+00         1.474762e+00
       -1.664749e+00         5.020202e-01
        1.606226e+00        -7.676675e-01
        1.191780e+00         8.525724e-01
       -5.966923e-01         6.975210e-01
       -1.183915e+00         8.703163e-01
       -5.143311e-01         1.511889e+00
       -2.976804e-01         4.197276e-01
        4.485694e-01        -4.141224e-01
        6.542291e-01        -7.204358e-01
       -6.722527e-01        -1.395208e+00
       -1.127610e+00         1.570956e+00
        7.106087e-01         1.008031e+00
        1.733532e+00         6.000927e-01
        9.870285e-01         1.544976e+00
       -1.085179e+00         7.608432e-01
       -1.936842e-01         6.530896e-01
       -9.111411e-01         1.333638e+00
        1.543866e+00        -1.057443e+00
        6.415544e-01        -6.121616e-01
       -1.651146e-01        -1.455282e+00
       -1.407255e+00        -3.124855e-02
       -6.890328e-02        -1.323152e+00
       -2.637236e-01         1.149634e+00
        1.104092e+00         3.426961e-01
       -9.931665e-01         9.387710e-01
        5.773613e-01        -4.291100e-01
       -1.463547e+00        -6.380652e-01
        1.029268e-01         4.585680e-01
       -1.515567e+00         7.936061e-02
       -1.684476e+00        -4.048787e-01
       -7.089833e-01        -1.569257e+00
        1.358348e+00        -9.101833e-01
       -9.253084e-01        -1.461137e+00
       -3.940131e-01        -5.272814e-02
        7.831902e-01         5.146487e-01
       -1.413710e+00        -4.973124e-01
        9.993617e-01        -8.076048e-01
        2.213625e-01        -6.111456e-01
       -1.369955e+00        -6.973633e-02
       -1.448360e+00         2.226112e-02
       -8.592249e-02         1.462078e+00
