       -1.126945e+00        -8.801044e-01
        1.243641e+00         1.199531e-01
        1.437590e+00        -1.458666e+00
       -5.902716e-01         7.815649e-01
        1.961660e-01         2.436507e-01
       -1.052146e+00         2.610915e-01
        8.344812e-01        -7.848613e-01
       -1.035609e+00         1.211469e+00
        1.737497e+00        -1.021680e+00
       -1.413594e+00         1.209452e+00
        6.210913e-01         4.299885e-01
        3.185119e-01        -3.609308e-01
        1.184715e+00         1.544270e+00
        1.620428e+00        -1.572973e+00
       -1.564863e+00         4.478849e-01
        7.096536e-01         1.658646e+00
        6.288442e-01        -1.395575e+00
       -9.715705e-01         2.508329e-01
       -7.499886e-01        -4.724546e-01
        4.737806e-01         1.127542e+00
        1.721257e+00         1.591323e+00
       -3.562035e-01         1.633894e+00
       -1.088232e+00         6.778790e-01
       -1.301223e+00        -7.465229e-01
       -1.418230e+00        -1.074456e+00
        1.634352e+00        -2.245741e-01
       -9.931385e-01        -3.375694e-01
       -1.077240e+00         1.019186e+00
        1.341229e+00         9.214543e-01
       -2.823207e-01         1.735208e+00
       -8.895600e-01         1.107010e+00
       -8.278703e-01         6.873447e-01
        1.176795e+00        -4.369621e-02
       -1.128856e+00        -1.303776e+00
       -1.349846e+00         1.312133e+00
       -5.381516e-01        -1.382478e+00
       -1.068397e+00         1.665352e+00
        1.553027e+00         5.243524e-01
        1.489732e+00        -1.680375e+00
        3.887698e-01         1.962420e-01
        6.227833e-01        -1.152148e+00
        1.657122e+00         6.589374e-01
       -1.173778e+00        -1.369205e+00
       -1.125345e+00        -1.616767e+00
        1.038404e+00         1.867363e-01
        1.137769e+00        -9.053172e-01
       -1.301772e+00        -6.283708e-01
       -3.926832e-01         4.403107e-02
       -1.247835e+00         7.348936e-01
        6.393224e-01        -7.216410e-01
        5.823478e-01         1.774495e+00
       -5.151603e-01         1.700406e+00
        1.374214e+00         8.688889e-01
       -1.558050e+00        -1.000358e+00
       -1.380165e+00         1.660629e+00
        5.965595e-01         6.451643e-01
        7.457189e-01        -3.434977e-01
        1.113760e+00        -1.146366e+00
        1.612252e+00        -8.460472e-01
        9.786698e-01         8.344723e-01
        7.447508e-01         2.357975e-01
        7.739561e-01        -1.048908e+00
       -1.635558e+00         1.128792e+00
        1.009106e+00        -1.345788e+00
       -1.070460e+00         4.288479e-01
       -4.628239e-01         1.352942e-01
        1.525419e+00        -1.533679e+00
       -5.059163e-01        -2.268509e-01
       -9.566183e-01        -2.620675e-01
       -1.581150e+00        -3.384825e-01
        1.415248e-01        -6.503772e-01
       -1.111535e+00        -7.860612e-01
       -4.569310e-01         3.017128e-01
       -1.395668e+00         1.444189e+00
        5.331918e-01        -3.908275e-01
        9.626870e-01         1.000522e+00
        4.614507e-01         1.799570e-01
       -1.474210e+00         1.346063e+00
       -8.292914e-01         4.823643e-01
        5.581506e-01        -1.736471e+00
       -1.031902e+00        -1.064099e+00
        1.463858e+00        -3.099022e-01
        7.118303e-01         1.108561e+00
        1.196559e-01        -1.145068e+00
        5.358225e-01        -1.570134e+00
       -1.435271e+00         1.742632e+00
       -1.547921e+00        -1.189982e-01
        1.315983e+00         1.455449e+00
       -1.514111e+00        -3.707489e-01
        4.941548e-01         1.799349e+00
        9.432012e-01        -3.563111e-01
        9.792396e-01         1.854468e-02
       -5.026719e-01        -4.655529e-01
       -1.611456e+00         1.647462e+00
       -3.301967e-01         1.711399e+00
       -1.462454e+00         9.726536e-01
        3.893780e-01        -1.589771e+00
        2.862081e-01         1.116247e+00
       -1.347997e+00        -2.432481e-01
        1.030134e+00        -1.798174e+00
        5.835209e-01         1.086048e+00
        2.543257e-01        -4.740480e-01
        1.960916e-01         1.576518e+00
        9.693296e-01        -3.428043e-01
        7.560906e-01        -1.038972e+00
        1.027720e+00         5.591846e-01
       -8.335259e-02        -1.824333e-01
       -2.144069e-01        -1.105901e+00
        5.834153e-01         1.289533e+00
       -1.463123e+00         1.465793e+00
       -1.133519e+00        -1.081194e+00
       -1.048308e+00        -1.234453e-01
        3.187568e-01         7.741060e-01
       -1.601940e+00         8.322531e-01
        8.626224e-01        -1.305330e-01
       -1.731915e-01        -6.697368e-01
       -1.407759e+00        -2.718201e-01
       -1.094537e+00         1.713519e+00
        1.053364e+00        -9.225439e-01
       -6.021308e-01        -8.698679e-01
        1.231555e+00         1.029286e+00
       -2.663731e-01         1.301049e+00
       -1.800565e-01        -1.518632e+00
        1.441794e+00         2.969064e-01
        7.802917e-01         1.184843e+00
        1.496967e+00        -9.320467e-01
        7.429285e-01         1.021526e+00
        7.958785e-01        -2.112277e-01
       -1.551776e+00        -7.046258e-01
        4.500601e-01        -4.742452e-01
       -4.289188e-01         1.345800e+00
        8.758698e-01        -1.531267e+00
       -7.726886e-01        -4.341356e-01
       -4.191368e-01        -3.707389e-01
       -1.240133e+00         2.028127e-01
        3.338950e-01        -8.420344e-01
        1.446000e+00         1.469894e+00
       -1.317715e+00         1.644241e+00
        1.085554e+00        -7.039813e-01
       -2.529480e-01        -1.823311e-01
        9.326294e-01        -2.116394e-01
        5.508938e-01         6.252011e-01
        1.625078e+00         8.781622e-01
        9.852096e-01         7.468210e-01
       -7.068956e-01         6.020444e-01
        4.872618e-01         8.731109e-01
       -3.576373e-01         1.200399e+00
       -7.012454e-01         4.338483e-01
       -8.345959e-01        -9.579252e-01
        1.553927e+00         1.498908e+00
        7.686959e-01         5.981171e-01
        3.615755e-01        -5.021943e-01
        1.052248e+00         2.476876e-01
        5.404792e-01        -1.688084e+00
        9.638690e-01         1.170741e+00
        8.408795e-01         9.429839e-01
        1.127517e+00         8.801498e-01
       -1.461269e-01         1.349768e+00
       -1.177258e-01         1.016987e+00
        1.027956e+00         1.489332e-01
        8.768690e-01         1.832906e-01
       -9.406414e-01         1.339556e+00
        1.211671e+00         1.240636e+00
       -9.115444e-01        -1.112100e+00
       -1.563103e+00         1.226833e+00
        4.364909e-01        -8.640210e-01
       -1.508959e+00         1.431145e+00
        3.149715e-01        -6.331338e-01
        2.832592e-01        -3.239014e-01
        8.964989e-01        -7.077454e-01
       -1.794628e+00        -1.139046e+00
       -1.318270e+00         1.202744e+00
       -1.406572e-01        -1.496170e+00
       -1.014011e-01        -1.396189e+00
       -1.266803e-01        -5.635522e-01
       -2.862061e-01         1.201677e+00
        9.014906e-01         1.488847e+00
        8.157765e-01        -5.158263e-01
        1.220113e+00         7.221604e-01
        1.161588e+00        -6.091719e-01
        1.520101e+00         1.453138e+00
       -4.166954e-01        -9.604034e-01
       -9.641479e-01         3.857863e-01
        1.022830e+00        -1.600452e+00
       -5.478258e-01         2.956353e-01
        1.261872e+00        -6.981653e-01
       -1.668041e+00        -9.779442e-01
        9.566592e-01        -1.465026e+00
       -2.360508e-01         1.627842e+00
        7.400214e-01        -4.601673e-01
        4.270536e-01        -7.963338e-01
       -4.168656e-01        -1.155878e+00
       -4.724706e-01        -1.264195e+00
       -1.336344e+00         8.600838e-01
       -1.363327e+00         1.389387e+00
       -5.977722e-02         1.164634e+00
        5.127302e-01         1.619835e+00
        1.106894e+00        -1.470494e-02
       -1.527625e+00        -7.718994e-01
       -8.273628e-01         8.391934e-01
        3.648490e-01        -1.370599e-01
       -1.073252e+00         1.693114e+00
        3.450608e-01        -1.106370e+00
        1.419802e+00         2.145794e-01
       -6.857469e-01         1.083115e+00
       -1.513420e+00        -6.622541e-01
       -1.264992e+00         3.994001e-01
       -6.037448e-01        -1.464125e+00
       -5.465788e-01        -1.263694e+00
        4.984095e-01        -5.114308e-01
        8.908750e-01         7.152308e-01
       -9.360694e-01        -4.235883e-01
        1.485553e+00        -1.218062e+00
       -5.415543e-01         1.465107e+00
        1.468878e+00         2.309875e-01
       -1.777133e+00        -2.956845e-01
       -1.560705e+00         4.300235e-01
       -2.382237e-01         8.263655e-01
        7.521389e-01        -1.776698e+00
        7.792336e-01         2.870592e-01
        1.114974e+00        -1.677045e+00
        1.623182e+00         1.203688e+00
        5.047349e-01        -5.731109e-01
        2.497969e-01         8.452358e-01
       -7.796970e-01         3.188932e-01
       -1.406429e+00         5.086137e-01
       -1.393117e+00         9.738295e-01
       -7.372321e-01        -1.421889e+00
        9.719825e-01         1.235428e+00
        1.324799e-01        -1.493428e+00
        2.208192e-01         1.513817e+00
       -8.122037e-01         3.863465e-01
        1.133981e+00         8.742380e-01
       -1.736058e+00        -1.594982e+00
        1.004732e+00         3.524459e-01
        8.545480e-01         8.679322e-01
        6.130459e-01         1.683372e+00
        6.194132e-01        -8.765669e-01
        1.771902e-01         1.500666e+00
       -1.176730e+00         7.152571e-01
        6.445476e-01         1.409711e+00
        6.413204e-01         1.186207e+00
        1.565836e+00         1.237127e+00
       -5.957367e-01        -5.338077e-01
        7.541199e-01        -7.390942e-01
        9.210871e-01        -1.120407e+00
        1.212967e+00         1.604175e-01
        1.250842e+00         9.126842e-01
        1.001976e+00        -7.278265e-01
        8.415667e-02        -2.840532e-01
       -1.018544e+00        -1.601123e+00
        3.090938e-01         1.671785e-01
        1.014352e+00         6.151552e-01
        1.045249e+00         1.492877e+00
        7.807661e-01        -1.720914e+00
        1.272914e+00        -5.282410e-01
       -1.249770e+00        -3.742556e-01
       -1.550535e+00         1.480230e-01
       -1.018054e+00         7.423221e-01
        4.878266e-01         7.779118e-02
       -4.403561e-01        -3.176157e-01
       -1.438036e+00         1.325122e+00
       -6.641655e-01        -2.890635e-01
       -1.341772e+00         8.522028e-01
        5.988536e-01         1.677384e+00
        1.699625e+00         3.433637e-02
       -1.749214e+00        -1.166838e+00
       -5.546393e-01        -6.800608e-01
        1.952753e-01         4.402163e-01
        6.812084e-01        -1.024230e+00
       -1.067976e+00         5.928896e-01
       -3.604415e-01         7.500024e-01
       -3.928081e-01        -4.631749e-01
        1.322878e+00        -8.740904e-01
       -1.775830e+00        -3.998898e-01
       -5.512193e-01         8.429185e-01
        9.391245e-01        -7.784804e-01
       -7.798267e-01        -1.667571e+00
       -1.321752e+00        -7.274399e-01
       -3.924605e-01         1.528805e+00
        1.626503e+00         6.506351e-01
        1.490318e+00        -6.067848e-01
        5.244398e-01         1.131424e+00
       -3.165601e-01        -6.030865e-01
       -1.729451e+00         8.131476e-01
       -4.805854e-01         4.241770e-01
       -9.709861e-01        -1.059417e+00
       -7.717794e-01         4.355449e-01
       -1.041425e+00        -9.269319e-01
        1.037084e+00        -1.556754e+00
        8.062333e-01         1.722635e+00
       -3.176359e-01         7.050004e-01
        1.987755e-01         7.567235e-01
        1.280302e+00         6.792802e-01
       -1.716556e+00         1.221712e+00
        1.719963e+00        -1.463913e+00
        6.888223e-01        -1.431225e+00
       -9.730761e-01         1.329688e+00
       -8.947566e-01        -7.286464e-01
        3.661436e-01         3.761337e-01
       -5.099621e-01         6.457918e-01
        1.295563e+00        -1.532202e+00
       -5.992950e-01        -1.000778e+00
        9.928276e-01         9.877801e-01
        6.466498e-01         1.479596e+00
       -5.237182e-01         1.509052e+00
       -8.006456e-01         5.684651e-01
        1.367733e-01        -5.488625e-01
        6.671262e-01         9.070601e-01
       -3.068496e-01        -1.332534e+00
        5.434164e-01         8.439616e-01
        3.097234e-01        -5.364930e-01
        1.329040e+00         3.489204e-01
        3.263092e-01        -1.559459e+00
       -6.057508e-01        -1.158600e+00
        8.776336e-01         4.375883e-01
        2.224519e-01         4.641389e-01
       -1.015074e+00        -5.570804e-01
        1.157972e-01        -1.209330e+00
        3.979258e-01        -1.270734e+00
        8.868622e-01        -1.101593e+00
       -5.441849e-01         1.272195e+00
       -1.067514e+00         3.034218e-01
        1.100832e+00         1.170815e+00
       -1.036294e+00        -1.247867e+00
        1.540554e+00         9.868155e-01
       -8.055361e-01         1.452101e+00
        1.566476e+00        -9.670588e-01
       -1.043723e+00        -2.021874e-01
       -1.456404e+00         9.955638e-01
        5.596338e-01        -5.167163e-01
        1.501080e+00        -1.370209e+00
       -8.840498e-01        -5.957663e-01
       -1.813556e-01        -8.371741e-01
       -1.393077e+00        -1.643719e+00
       -1.058353e+00         1.457330e+00
        3.240461e-01         3.766274e-01
        1.052975e-01         7.207033e-01
        1.383209e+00        -5.873632e-01
        1.744850e+00         3.885921e-01
       -1.605724e+00        -1.663327e+00
       -4.870781e-01         1.143508e+00
        1.092181e+00         1.613982e+00
       -1.611961e+00         1.474737e+00
       -1.666723e+00        -1.177369e+00
        6.773318e-01        -1.595025e+00
        7.984112e-01         1.417766e+00
        1.068892e+00         2.880297e-01
       -1.980699e-01         6.662474e-01
       -1.062986e+00         1.666636e+00
        7.660900e-01         1.124603e+00
        1.073418e+00        -4.314647e-02
       -7.787126e-01         1.701368e+00
        1.081499e+00        -1.830312e-01
       -3.666274e-01         1.965249e-01
       -1.185480e+00        -9.249539e-02
       -4.996669e-01        -7.414963e-01
       -1.087717e+00         6.183945e-01
        1.300388e+00        -1.053271e+00
       -7.862146e-01         1.482563e+00
        8.027172e-01         1.236950e+00
       -1.403418e-01         1.559345e+00
        9.000931e-01         4.231791e-01
        9.175522e-02        -1.392275e+00
        6.446044e-01         7.552611e-01
       -3.976494e-01        -4.966361e-01
       -1.504870e+00        -1.105159e+00
        8.632885e-01        -1.168618e+00
       -1.395513e+00        -8.779275e-01
        1.150219e+00        -9.046278e-01
       -4.493288e-01        -1.494715e+00
        8.967416e-01        -1.836972e-02
       -1.409408e+00         2.925498e-01
       -1.439697e+00         4.201148e-01
        9.489054e-02        -8.445163e-01
       -1.064689e+00         8.610365e-01
        1.730335e+00         7.245799e-01
       -9.941806e-01        -1.086572e+00
       -8.139612e-01        -8.000727e-01
        4.402845e-01         1.261742e+00
       -3.317774e-01         3.311693e-01
       -7.606951e-01        -1.350980e+00
       -1.609279e+00        -4.444101e-01
        7.146692e-01        -5.335747e-01
        1.256449e+00        -1.539575e+00
        1.706683e+00         8.875190e-01
        1.532441e+00        -1.086928e+00
        1.158465e+00        -1.173303e-01
        4.348705e-01        -2.567428e-01
        1.710033e+00        -2.516867e-01
        9.302113e-01        -1.459416e+00
        1.048909e+00         3.728700e-02
        2.825784e-01        -1.682802e+00
        5.481990e-01        -5.752632e-01
       -9.177754e-01         1.331614e+00
       -2.891624e-01         7.183433e-01
        1.764627e+00         7.036095e-01
        8.648627e-01         9.084847e-01
        1.531532e+00        -2.945413e-01
       -1.826866e-01        -1.367374e+00
        1.083108e+00        -1.421679e+00
       -2.180537e-01         8.146897e-01
       -8.576237e-01         6.696546e-01
        7.236438e-01         6.038339e-01
        1.518668e+00         1.386095e+00
       -3.053453e-01        -4.311801e-01
        8.278771e-01        -3.895263e-01
       -6.271497e-01         1.242337e+00
       -7.666147e-01        -9.401659e-01
        8.718354e-01        -6.068654e-01
       -1.741049e-01         1.503999e+00
        2.732475e-01         1.360260e+00
        4.290872e-01         3.112564e-01
        1.556992e+00        -1.720867e-01
       -9.422294e-01         1.404125e+00
        9.089623e-01         6.837308e-01
        1.202334e+00         1.219331e+00
       -2.550510e-01        -6.780213e-01
       -1.483290e+00         6.385536e-01
        1.175522e+00        -1.093398e+00
        6.669970e-01        -1.573251e-01
        3.132855e-01         1.019240e+00
       -1.307649e-01        -1.350825e+00
        7.044081e-01        -6.906302e-01
       -1.351177e+00         1.415173e+00
       -1.285883e+00         1.491571e+00
        7.768210e-01        -1.787342e+00
       -3.478706e-01        -2.661678e-01
        2.833115e-01        -8.319226e-01
        2.916560e-02        -2.558864e-01
        1.189971e+00        -1.582523e+00
        4.723333e-01         1.260680e+00
       -9.867456e-01        -1.016529e-01
        1.316351e+00         5.322544e-01
        1.259119e+00        -1.784701e+00
       -7.742409e-01        -1.734743e+00
        2.835810e-01         1.770856e+00
       -1.498068e+00         1.641453e+00
       -2.583494e-02        -1.544373e+00
       -5.102740e-01         7.680238e-01
        1.606773e+00         1.062182e+00
       -9.037801e-01         1.330114e+00
       -7.760935e-01        -4.517436e-01
       -1.524519e+00         1.453322e+00
        1.005919e+00        -7.953690e-01
       -1.323524e+00        -2.023831e-01
        4.700680e-01         1.142068e+00
        1.329351e+00        -1.169487e+00
        7.280981e-01        -4.470509e-01
        1.118367e+00         3.380759e-01
        3.488067e-01         1.306466e+00
        5.858537e-01         7.173002e-01
        9.380092e-01         1.258315e+00
       -7.092682e-01        -1.509501e+00
        9.609796e-01         5.270831e-01
       -1.467350e+00        -9.475278e-01
        1.733199e+00         1.034745e+00
        1.072077e+00         1.419423e+00
       -9.327858e-02         9.391923e-02
       -1.497754e+00         6.971484e-01
       -3.892973e-01         6.195425e-01
       -4.242032e-01         8.813720e-01
       -9.789661e-01         3.258677e-01
        1.068756e+00         9.467918e-01
       -1.756804e+00        -2.335210e-01
       -1.490019e+00         9.892852e-01
       -1.294896e+00         9.120741e-01
       -1.403520e+00         5.979738e-01
       -4.298069e-02        -7.644561e-01
        6.014019e-01         1.364033e+00
       -1.199961e+00        -1.272183e+00
        1.306423e+00        -5.373723e-01
        1.024006e+00         5.919694e-01
        5.599420e-01        -6.881723e-01
        3.106849e-02         1.801776e-01
       -1.046658e+00         1.686539e+00
        1.237137e+00         1.558711e+00
       -5.772593e-01        -9.303242e-01
       -1.435270e+00        -5.751866e-01
        6.422843e-02         1.546683e+00
        7.643488e-01        -1.421816e+00
       -2.665200e-01         3.552869e-01
       -1.213764e+00        -1.407197e+00
        1.134074e+00        -2.260895e-01
        1.132450e+00        -5.338575e-01
        1.267406e+00         1.407533e+00
       -1.195060e+00         1.176893e-01
       -2.791241e-01         1.594944e+00
       -1.183517e+00         6.980906e-01
        1.685892e+00        -1.280491e+00
        1.420792e+00         1.166446e+00
       -1.485357e+00         4.326866e-01
       -1.004779e+00         6.987758e-01
        3.759057e-01        -7.181940e-01
       -1.139724e+00         1.959745e-01
        1.419316e+00         8.940028e-01
        4.246308e-01         1.187573e+00
        1.593953e+00         1.190660e+00
       -1.496826e+00        -9.992898e-01
        9.926389e-01         1.002227e+00
       -1.158404e+00        -9.315135e-01
       -1.063339e+00        -9.954245e-01
       -1.558793e+00        -9.636871e-01
        8.997940e-01        -1.021386e+00
        8.367467e-01        -9.819693e-01
       -1.630161e+00         9.876761e-01
       -9.800000e-01        -1.547060e+00
       -8.309236e-01        -1.001148e+00
       -1.160814e+00        -1.705017e-01
       -1.115677e+00        -1.427517e+00
        3.759648e-01         5.043099e-01
       -8.216929e-01         1.020799e+00
        5.504335e-01         9.455026e-01
       -1.026480e+00         1.245009e+00
        1.496251e+00         5.403612e-01
       -8.690521e-02        -1.309146e+00
        2.311117e-01        -5.140864e-01
        1.490476e+00        -4.447388e-02
       -1.489970e+00        -5.697984e-01
       -1.336721e+00         1.391859e+00
        1.290450e+00         9.565111e-01
       -1.287234e+00         1.404960e+00
       -1.641852e+00         6.869965e-01
        1.078243e+00         6.340690e-01
        5.917717e-01         1.255550e+00
       -1.385995e+00        -2.285245e-01
       -1.606833e+00         9.209945e-01
        1.468448e+00         1.122598e+00
       -5.021877e-01        -8.985454e-01
        9.918537e-01         8.090785e-01
        1.743993e+00         2.906467e-01
       -1.463164e+00         2.669191e-01
        1.158675e+00        -5.376660e-02
        8.920989e-01         2.717802e-01
        1.627138e+00         1.633607e+00
        1.590724e+00         8.972502e-01
       -1.781353e+00         1.253370e+00
       -7.912250e-01        -7.833425e-01
        5.543435e-01         1.456121e+00
        4.614180e-01         5.613764e-01
       -1.381773e+00         1.788518e+00
        8.320060e-01        -3.285274e-02
        1.647759e+00        -1.011537e+00
       -1.170179e+00         1.208777e+00
       -1.669118e+00        -4.801233e-01
       -1.985534e-01         8.236069e-01
        1.081405e+00         1.179603e+00
        2.881668e-01        -1.371357e-01
        4.934255e-01        -1.709618e+00
       -6.677691e-01        -1.228397e-01
        6.489632e-01         8.501263e-01
       -1.556039e+00         1.221690e+00
       -6.589701e-01        -1.531832e+00
       -1.329156e+00         1.201428e+00
        1.678232e+00        -5.913918e-01
       -1.421907e+00        -1.074634e+00
        1.261214e+00        -8.600500e-01
        1.014065e+00        -1.138747e+00
       -1.335259e+00         1.194200e+00
       -1.268625e+00        -1.489329e+00
       -2.465770e-01        -2.544567e-02
       -5.104589e-01        -1.680495e+00
        5.894747e-01         3.226825e-01
        3.176478e-01        -1.486203e+00
        1.396834e+00        -7.814567e-02
        1.143902e+00        -3.983808e-01
        9.782708e-01        -7.018677e-01
       -8.496445e-01        -6.109843e-02
       -2.709767e-01        -2.953367e-01
       -8.480859e-01        -2.758368e-01
       -2.116771e-01        -7.934767e-02
       -1.381956e+00         6.050189e-01
       -6.022615e-01        -7.136330e-01
        4.204230e-01         1.584297e+00
       -7.928093e-01        -3.718291e-01
       -4.230927e-01         4.743395e-01
       -4.627613e-01        -2.232595e-01
        6.059881e-01         1.147084e+00
       -1.014763e+00         1.272181e+00
       -1.563794e+00         1.055917e+00
        6.401786e-01        -1.483477e+00
        5.204834e-01         3.846278e-01
       -7.285741e-01         1.007621e+00
        8.925561e-01         1.264187e+00
       -1.143931e+00        -8.979997e-01
        3.571431e-01         1.324407e+00
       -1.200181e+00         5.993466e-01
       -1.209903e+00        -8.870025e-01
        1.294564e+00        -9.407254e-01
       -1.580257e+00        -1.101441e+00
        9.249880e-01        -9.809280e-01
        3.895532e-01        -1.891618e-02
        1.051666e+00        -1.026724e+00
       -1.268816e+00         1.380678e+00
       -1.438295e-01         1.302187e+00
        1.406266e+00        -1.378834e+00
       -1.301871e+00        -1.490408e+00
       -2.578257e-01        -6.116277e-01
       -4.737427e-01         1.281821e+00
       -5.555431e-01        -1.055802e+00
        1.548089e+00         8.517008e-01
        4.627983e-01         3.926253e-01
       -1.113264e+00        -6.056379e-01
       -1.502465e+00         6.185865e-01
       -1.284511e+00        -1.488513e+00
        5.368474e-01        -9.841923e-01
        8.740557e-01         8.825779e-01
        1.821160e-01         4.057122e-01
        5.169433e-01        -7.812415e-01
       -1.178294e+00        -1.648259e+00
       -1.395502e+00         1.352438e+00
       -8.922477e-01        -8.907879e-01
       -1.278072e+00        -1.223096e+00
        7.669611e-01        -1.461596e+00
        1.595044e+00         9.521539e-01
        9.127095e-01         1.631396e+00
       -1.157248e+00         6.402705e-01
        1.510217e+00         1.206012e+00
        4.710432e-01         1.017879e+00
       -6.192893e-01         9.150263e-01
       -7.099559e-01        -3.390817e-01
        5.024482e-01         1.188428e+00
        1.656055e-01        -7.140269e-01
       -6.939064e-01        -1.188562e+00
        3.052111e-01        -1.363915e+00
        1.474799e+00         4.329218e-01
       -1.653085e+00         4.307248e-01
       -1.111270e+00        -1.037589e+00
        1.469551e+00         1.515561e+00
       -4.828576e-01        -1.227071e+00
        9.475292e-01         1.637697e+00
       -1.215317e-01        -7.836879e-01
       -1.692328e+00        -9.685539e-01
        1.040099e+00        -1.274820e+00
        7.355442e-01        -8.834548e-01
        6.635028e-01         9.166718e-01
       -1.572952e+00        -1.277512e+00
        6.352619e-01         7.777809e-01
        4.828100e-01        -8.720873e-02
       -6.221224e-01         2.144838e-01
        1.822013e-01         8.817475e-01
       -1.427370e+00         8.399600e-01
       -6.911999e-01         1.717596e+00
        1.265991e-01         1.546631e+00
        8.457212e-01        -7.011532e-01
       -8.035209e-01        -7.049119e-01
        1.325213e+00        -9.516968e-01
       -9.497989e-01         2.886128e-01
       -8.920706e-01        -1.079566e+00
       -8.918384e-01        -1.146816e+00
       -9.004510e-01        -1.528452e+00
       -2.418204e-01         1.134662e+00
       -1.293888e+00         3.925696e-01
       -9.205443e-01         9.753579e-01
       -4.245070e-01         7.699656e-01
        9.203785e-01        -5.043803e-01
       -1.624125e+00         9.733536e-01
        4.847329e-01        -3.837902e-01
        5.698310e-01         4.040025e-01
       -1.348429e+00         7.267006e-01
       -1.133573e+00        -6.864625e-01
        1.720086e+00         1.362349e+00
        6.216681e-01        -1.361845e+00
       -1.261712e+00         1.677665e-01
       -1.104846e+00        -1.669046e+00
        8.225132e-01         7.016486e-01
        1.232291e+00        -1.572985e+00
       -1.422767e-01        -7.211915e-01
        1.276741e+00         8.659846e-01
       -3.235915e-01        -1.503972e-01
        1.015758e+00         8.766893e-01
        1.008012e+00        -1.693994e+00
        4.002432e-01        -8.646802e-01
        6.147472e-02        -6.755070e-01
       -1.048822e+00        -1.516943e+00
       -7.852550e-01        -6.869537e-01
        1.367154e+00         1.620950e+00
       -1.370054e+00         9.462117e-02
       -1.249873e+00         1.614330e+00
        3.957400e-01        -7.969894e-01
        1.523882e+00        -1.526425e+00
       -1.447911e+00         4.609973e-01
        8.561981e-01        -1.485033e-01
        7.693292e-01         1.535614e+00
        1.057721e+00         7.787467e-01
       -1.303865e+00         1.457207e+00
       -1.399278e+00         1.672139e-01
        1.323646e+00        -8.058162e-01
       -9.392200e-02         7.124493e-01
        7.155737e-02        -4.887873e-02
       -1.471261e+00        -1.634441e+00
        1.416614e+00        -4.917357e-01
        3.797344e-01         1.256346e+00
       -1.471727e+00        -4.325475e-01
       -1.328741e+00         1.088229e+00
        3.774399e-01        -1.743050e-01
       -1.431900e-01        -6.734620e-01
       -1.179116e+00         2.525483e-01
       -1.071854e+00         1.301316e+00
        2.828242e-01        -1.380331e+00
       -4.826771e-01         1.039950e+00
        7.784820e-01         9.455403e-01
        3.338507e-01         7.186298e-01
       -1.267394e+00        -1.038238e-01
       -4.111749e-01         4.883985e-01
       -1.444650e+00        -3.569385e-01
        1.187709e+00         9.395751e-01
       -6.269567e-02         9.794789e-01
        1.476779e+00         3.039183e-01
        3.182970e-01         1.026218e+00
       -1.645806e+00         9.150617e-01
        1.006723e+00         1.021153e+00
       -1.061211e+00        -9.301552e-01
        8.993999e-02         1.221795e+00
       -9.804012e-01        -5.751964e-01
        1.235176e+00        -1.192550e+00
       -1.157051e+00        -6.465821e-01
       -1.015505e+00         1.272612e+00
        1.700982e+00         8.770511e-01
        1.263140e+00         1.586323e-01
       -2.932083e-01        -7.908192e-01
        1.524222e+00        -1.317141e+00
       -6.050309e-01         1.045106e+00
        1.183798e+00         1.572872e+00
       -1.117447e+00        -3.426311e-01
       -1.134649e+00         9.994890e-01
       -3.310654e-01        -8.065197e-01
        1.614479e+00         4.175832e-01
       -5.036450e-01         1.584632e+00
        1.019159e+00        -1.593298e+00
       -6.205513e-01         1.302005e+00
       -1.499915e+00         6.442475e-01
       -5.171105e-01         1.476091e+00
        9.848529e-01         9.120808e-01
        1.984611e-01        -1.048121e+00
        1.109653e+00        -1.218477e+00
       -2.178537e-01         1.032374e+00
       -1.256101e-01         1.035485e+00
       -9.777831e-01        -1.071598e+00
        1.742128e+00        -2.636858e-01
        8.864157e-01         5.669098e-01
       -1.171349e+00         1.030481e+00
       -5.368178e-01         1.645969e+00
       -1.264954e+00         3.871769e-01
       -1.022347e+00         1.583565e+00
       -6.176164e-01         1.027515e+00
        2.718427e-01        -8.417039e-01
        1.036010e+00        -1.020353e+00
        1.490584e+00         1.144979e+00
        3.660402e-02         9.025779e-01
       -6.412981e-01        -7.949819e-01
        1.015509e+00        -6.595441e-02
        1.906207e-01        -1.504401e+00
       -1.364890e+00        -4.407532e-01
       -5.166552e-01        -1.204582e+00
       -1.313179e+00        -1.963533e-01
       -7.599799e-01        -4.900686e-01
       -1.377737e+00        -9.264599e-01
       -1.667478e+00        -1.451117e+00
       -1.284096e+00         4.603876e-01
        1.359408e+00         5.896132e-01
        9.470543e-01        -7.239154e-01
       -1.488064e+00        -9.830785e-01
        1.033302e+00        -1.223035e+00
       -1.495010e+00         1.333280e+00
       -1.234284e+00         2.361455e-01
       -1.296726e+00         9.099932e-01
        7.574097e-01        -9.706247e-02
        7.501699e-01         5.397129e-01
       -1.501887e+00        -1.733926e+00
        8.237186e-01        -3.981732e-01
       -3.561078e-01         1.003871e+00
       -1.081434e+00        -2.789019e-01
        7.647774e-01         1.266405e+00
        1.144836e+00         9.880629e-01
       -4.653240e-02         6.283310e-01
       -1.445338e+00         6.286718e-01
       -5.928927e-01         1.198891e+00
       -1.252936e+00        -2.312315e-01
        9.295166e-01         8.685144e-01
        1.243252e+00         1.661183e+00
       -7.739758e-01        -8.576214e-01
        5.383841e-01        -9.441259e-01
       -1.092368e+00        -1.498231e+00
        8.114177e-01         2.327901e-01
        4.408579e-01         1.555371e-01
       -3.119379e-01         1.387312e+00
       -8.087416e-01         7.448672e-02
        1.765484e-01        -1.440414e+00
        9.119769e-01        -1.440135e+00
        1.065143e+00         9.337624e-01
       -9.625212e-01         1.023035e+00
        6.310551e-01         8.964401e-01
       -1.063772e+00         9.361476e-01
       -9.028047e-01        -8.567515e-01
        1.259636e+00         1.164356e+00
        7.128986e-01        -3.747079e-01
        2.844601e-01         1.629204e+00
        1.069743e+00         6.248713e-01
        5.496051e-01        -1.063875e-01
       -1.508437e+00         8.064809e-01
       -2.419030e-01        -8.278694e-01
        3.953540e-01         3.506313e-01
        1.108339e+00        -1.249896e+00
       -1.735963e-01        -4.022685e-01
       -7.269312e-01         8.870507e-01
       -1.658301e+00         8.069683e-01
        8.976403e-01         3.419346e-01
        1.425719e+00        -3.618485e-01
       -8.402110e-01         2.836611e-01
        2.837427e-01         2.512291e-01
        9.668134e-01        -2.124068e-01
        8.722986e-01        -1.480234e-01
        8.502970e-01         5.595600e-01
       -1.103587e+00         6.068926e-01
        2.132859e-01        -1.026559e+00
       -4.705481e-01        -1.443283e-01
       -6.819080e-01         7.628534e-02
        3.221233e-01         6.221315e-01
       -6.001955e-02        -1.393544e+00
        9.343312e-01         1.392836e+00
       -1.004534e+00        -9.027268e-01
       -1.502849e+00        -1.280638e+00
       -3.036231e-01         6.266298e-01
       -3.118882e-01         1.296927e+00
       -1.357693e+00        -1.189738e+00
        1.047749e+00         5.127432e-01
        7.021716e-01        -5.127116e-01
       -8.353800e-01        -1.107010e+00
        3.536794e-01        -1.674977e+00
       -1.064397e+00         1.241023e+00
       -8.760799e-01         1.384679e+00
       -3.337168e-01        -1.528404e+00
        1.065947e+00         1.206601e+00
        4.276426e-01         1.357650e+00
        5.263195e-01         1.598093e+00
        9.506054e-01        -1.124572e+00
       -8.547286e-01        -1.341986e+00
        1.540226e+00        -7.732525e-01
       -1.032668e+00        -6.185000e-02
        1.387407e+00        -1.204420e+00
        2.107135e-01         1.003644e+00
        1.785100e-01         1.434925e+00
       -1.312868e+00        -6.122467e-01
        7.240290e-01         1.030227e+00
        1.557526e+00         1.163713e+00
       -6.946150e-01         1.123668e+00
       -1.579638e-01         5.343701e-01
        1.008410e+00         3.962630e-01
        2.458289e-01         1.093612e+00
       -9.445456e-01        -1.453464e+00
        1.197547e+00         6.035757e-01
       -1.014920e+00         6.559708e-01
       -1.038997e+00         7.549468e-01
        4.198175e-01         8.735234e-01
       -7.344839e-01        -7.074495e-01
        5.443507e-01        -7.937320e-01
       -1.033490e+00        -1.334839e+00
       -1.305352e+00         3.109078e-01
        1.251119e-01         9.342580e-01
        4.868923e-01        -1.495606e+00
        4.505274e-01        -8.158881e-01
       -4.703308e-01        -4.244480e-01
       -3.552558e-01         3.135689e-01
       -1.502720e+00         9.635723e-01
       -1.367211e+00        -4.628525e-01
        1.012421e+00         1.440535e+00
        1.605129e+00        -1.161588e+00
       -6.306392e-01        -1.550887e+00
       -1.181001e+00         9.841236e-01
        3.527592e-01         1.081712e+00
       -1.460128e+00         1.439909e-01
        3.602959e-01         3.242798e-01
        1.047277e+00         2.548665e-01
       -6.911743e-01         6.132353e-01
        5.181570e-01         5.170705e-01
       -1.281013e+00        -1.237866e+00
       -1.562650e-01        -1.120987e+00
        8.787652e-01         1.061545e+00
        3.471495e-02         5.021811e-01
        1.241826e-01         7.074691e-01
       -2.149247e-01         1.297079e+00
       -6.080793e-01        -6.198019e-01
        3.286988e-01        -2.896749e-02
       -1.437886e+00         5.098437e-01
        8.981509e-01         6.760837e-01
       -1.195773e+00        -9.940181e-01
       -7.198817e-01        -4.012819e-01
       -1.516604e-01        -7.097179e-01
       -6.645058e-01         1.297945e+00
        9.427245e-01        -1.088111e+00
       -9.508172e-01        -2.752240e-01
        1.177705e-01         8.867365e-01
       -4.511530e-01        -6.812696e-01
       -5.290801e-01        -3.802012e-01
       -5.339216e-01         1.161798e+00
       -8.788265e-01         7.649485e-01
        6.882588e-01         8.957657e-01
       -9.587578e-01         1.849887e-01
       -1.362542e-01        -7.786648e-01
       -1.532610e+00        -5.632124e-01
       -5.211749e-01         1.389972e+00
        1.044766e+00         1.480122e+00
        6.321026e-01        -5.098114e-01
        8.251051e-01        -1.570038e+00
       -1.322712e+00         1.021370e+00
        5.595171e-01        -9.458187e-01
        9.487503e-01        -9.765218e-01
        1.063713e+00        -1.052563e+00
        9.375340e-01         3.043579e-01
        4.954631e-01        -7.553178e-01
       -4.678770e-01        -7.690131e-01
        5.682834e-01         4.624310e-01
        9.393898e-01        -3.162673e-02
        1.399946e-01         4.696341e-01
        1.145431e+00         7.297133e-01
       -1.603865e+00         2.743319e-01
        1.491938e-01         4.182737e-01
        1.098262e+00         6.940345e-01
        8.132321e-01         9.254979e-01
        9.672188e-01        -9.639127e-01
       -1.354337e+00         1.473543e+00
       -3.222416e-01         1.075810e+00
       -2.402669e-01         4.231127e-01
        6.693314e-01         3.737679e-01
       -1.123636e+00         1.279435e+00
        9.154134e-01        -1.126873e+00
        1.816574e-01        -8.041044e-01
        7.904783e-01         1.098826e-01
       -5.575993e-01         7.589430e-01
        1.617205e+00        -6.225059e-01
       -1.032521e+00         1.281411e+00
       -1.311026e+00        -7.217452e-02
        2.908372e-01        -1.428987e+00
       -3.400790e-01        -9.850474e-01
       -1.727133e+00        -7.602647e-01
        1.352307e-01         1.033431e+00
        5.058541e-01        -1.124899e+00
        1.988929e-01         1.345255e+00
       -2.110901e-01         1.115031e+00
       -8.985798e-01         9.349528e-01
        1.238426e+00        -1.284945e+00
       -1.909035e-01         7.519902e-01
       -1.628172e+00        -8.715536e-01
       -1.067125e+00         9.209096e-01
       -8.915985e-01        -2.134481e-02
       -6.219413e-01        -1.230282e+00
       -1.337759e+00        -9.121680e-01
        1.705522e+00         1.100785e+00
       -1.086117e+00        -2.475431e-01
       -1.392756e+00         1.120450e+00
        8.645751e-01        -6.897593e-01
        3.248696e-01         6.936633e-01
       -1.613395e+00         4.349723e-01
        5.354785e-01        -8.015797e-01
       -1.672815e+00         9.498442e-01
        8.671086e-01        -4.323977e-01
        5.560100e-01        -1.386220e+00
       -6.610072e-01        -8.316527e-01
       -1.147865e+00        -1.625328e+00
        2.443351e-01         6.936431e-01
        1.344603e+00        -9.970111e-02
        1.110399e-01        -3.557920e-01
        7.678840e-01        -1.773914e+00
       -9.564879e-01        -1.950468e-01
        1.264656e+00        -1.510725e+00
       -1.410925e+00        -3.833106e-01
        9.573758e-01        -6.771108e-01
       -6.091478e-01        -5.652196e-01
        1.104062e+00        -3.232207e-01
       -1.140150e+00        -1.044196e+00
        4.844221e-01        -6.812395e-01
        1.174149e+00        -6.663326e-01
        1.616498e+00        -9.160790e-01
        4.360165e-01         1.036226e+00
        8.437196e-01        -1.437416e+00
        4.350994e-01         1.169817e+00
        7.959972e-01        -1.547493e+00
       -7.747387e-01         1.576125e+00
        1.139835e-01         1.108634e+00
       -9.632897e-01        -9.096060e-01
       -3.187803e-01         5.651209e-01
       -8.624936e-01         4.736706e-01
        1.319597e+00         3.958910e-01
        7.328946e-01         5.271853e-01
        1.677042e+00        -1.419882e+00
       -8.377953e-01         7.562453e-01
        5.416802e-02         1.179695e+00
       -1.285671e+00         1.495007e+00
        1.286915e+00        -8.579182e-01
        1.683055e+00         1.242450e+00
        1.551416e+00        -1.066304e+00
       -1.336076e+00        -1.480741e-01
       -1.372075e+00        -7.551955e-01
       -9.778171e-01         7.087606e-01
        1.691627e+00        -1.671390e+00
        4.984837e-01        -1.772123e+00
       -1.127344e+00        -1.695581e+00
        1.506495e+00         1.724506e+00
       -4.901085e-01        -8.550396e-01
