-4.124814352874969781e-01 5.323204289116482135e-01
-6.956699866616989913e-01 -5.101397013643645950e-01
1.557636357573320307e+00 -1.302109582019256750e+00
-8.269700498673226985e-01 4.771755010397225050e-01
1.074621474433348212e+00 -1.336321913512016346e+00
-7.005827390650064546e-01 -1.500365412623831496e+00
-1.076065788947169422e+00 -4.466606661870390349e-01
-1.483982596977052815e+00 1.649212592376774422e+00
-1.172679238003292213e+00 -4.720613854642620733e-01
6.736579702862443009e-01 7.512703058606368112e-01
-1.570774484370806245e+00 8.314491734821960467e-01
4.354182433037414035e-01 1.232104222775826097e+00
1.291454829804606463e+00 -1.639776902918200996e+00
-5.561677456401112885e-01 -5.957826647128591224e-01
-9.139567979362818173e-01 -1.496050789542709980e+00
-2.728386702220142457e-01 -7.939622287554962687e-01
1.723123447535645170e+00 -1.358120434222512385e+00
-6.248829661849804040e-01 1.041105635551289543e+00
8.601690034364521675e-02 -7.303759019976807654e-01
-3.810175646612387612e-01 -4.240926426098755586e-01
8.263639740305706027e-01 8.998813115142240138e-01
-2.496875008532760121e-01 -8.810781792794392109e-01
6.046514491170059680e-01 -2.147178420019607570e-01
-1.238715606460969454e+00 -5.546351932815942742e-01
-1.778390800950403250e+00 -1.121445751958773052e+00
4.612122687656800002e-01 2.211428405073766201e-02
6.037820142557394076e-01 1.033208946667587558e+00
-1.393241855546643038e+00 -8.696667749831044070e-01
-4.422911325807737382e-01 -1.129643705138400955e+00
-1.351070904087176283e-01 -2.967487472465474840e-01
1.008549361746051254e+00 -1.655643584538336821e+00
5.241274430862284950e-01 9.028850826120571327e-01
-3.479659545119834219e-01 -1.435178066676825015e+00
1.635928696190700693e+00 -1.022712385455206707e+00
-6.531252486075310726e-01 -3.188450618241047141e-01
-6.363383784608156457e-01 -9.263447566917002440e-01
4.747391186624158044e-01 -7.690398171878723987e-01
-7.602798829957951865e-02 -5.422437973231735153e-01
1.576414653697179036e+00 -9.576708118012979831e-01
4.910013098557829969e-01 8.126659171332198950e-01
-1.161837584575900362e+00 -1.507484828321806525e+00
-9.480705012070631543e-01 -1.450392075552515481e+00
1.618689696679276757e+00 1.136847196675448313e+00
5.090081480446114748e-01 -8.784692538285637786e-02
-8.133621582478643974e-01 -8.767188295523803410e-01
1.145727260556865801e+00 2.846812718120525498e-01
-6.206785592589834089e-01 -1.376352791872623715e+00
-1.237277217703485199e+00 -8.613675477538242919e-01
2.827217647735060235e-01 1.091787559889288328e+00
-9.885757052605359529e-01 -4.047878912762609138e-01
1.237685861937706244e-01 7.837128380998549526e-02
1.518074779831131149e+00 1.468529626646715380e+00
-1.550707393142543467e+00 -5.221829667440253120e-01
2.990713259876268681e-01 3.235207478202976605e-01
-1.287478983321735271e+00 1.560078247251833750e+00
-1.640139764353339968e+00 -6.006316072284124674e-01
-1.443665127167397699e+00 -1.080714496878595776e+00
1.306927770082608964e+00 -1.480241390450463435e+00
4.900231225601272000e-01 7.073254646277999935e-01
2.616732558306860690e-01 -8.939718546890043083e-01
6.892671591911625484e-01 7.634727879861065158e-01
-1.549478388485318048e+00 -7.424237307701553323e-01
-1.508298276280426897e+00 -9.511941361397945327e-01
1.147829116140469230e+00 -1.217681370780840044e+00
-1.155285354466905279e+00 3.983659945775090416e-01
-1.174020973777559318e+00 1.661773805641247215e+00
1.223082942658362482e+00 3.444613361756831416e-01
-3.098549880792925842e-02 -6.730361436374876494e-01
1.188072143329205188e-01 9.240347475958782253e-01
-8.593334992993145738e-01 9.858358555686439484e-01
-8.871464846429204520e-01 3.947591825253942699e-01
-1.341728360963032163e+00 -7.523889447768414840e-01
-1.253533558958381811e+00 3.406472324217347802e-01
4.762511642361302311e-01 -7.540505405613874279e-01
1.089438252851814948e+00 1.961765145643015740e-01
-6.086291189053406603e-01 1.019335753106924258e+00
-9.294951905894452415e-02 -5.453816120926268107e-01
1.482453740427067679e+00 1.022723546294934893e+00
1.398491567137482905e+00 -1.067690017343289499e+00
-7.262413244089244158e-01 1.655103772845222032e+00
8.856859838768237347e-01 1.400829032576454525e+00
-3.748900990449918202e-01 3.412110225953398079e-01
-1.653209739040560622e-01 -3.956840087910271087e-01
6.101205418594427554e-01 -1.209785249982042066e+00
2.442431878324363703e-01 4.692008113449058770e-01
-1.217441034273399003e+00 -9.090705995446721754e-01
8.809939778335919014e-01 1.125733164358166283e+00
-1.221581483634903931e+00 1.614004463344112850e+00
-3.297247026241635903e-01 -2.509083549739005714e-01
9.493990461022224769e-01 5.272654224659153455e-01
-1.723841998938638209e+00 -1.040217179006776238e+00
2.666263597394550808e-02 -9.499205141694692933e-02
1.082120709731088759e+00 1.702155377304881201e+00
7.320087607530862961e-01 -6.053095932283147906e-01
-4.901553210079280798e-01 9.764936202291399914e-01
8.005653933493734886e-01 -1.294382603845883883e-01
1.486886288014217961e+00 -9.756392179598266656e-01
-1.516836137678635010e+00 -1.158527451404135933e+00
-1.314709172430996054e+00 -2.662797212311814321e-01
-1.573934560082871137e+00 -9.640746927483216933e-01
2.871500990803315667e-01 6.933279689347612296e-01
-5.820938602562812925e-01 -4.472782832474585524e-01
-4.143854174268835622e-01 5.055784270707337491e-01
2.189971209563443544e-01 5.777260280230975820e-01
-2.961125870797355342e-01 1.133561708511609645e+00
1.063645518175532434e+00 1.145465877217526796e+00
3.988130872277313999e-01 -1.375697963312512817e+00
-1.522333107168741151e+00 -1.526215065632018364e+00
-7.257197459424877817e-01 1.287630175932873877e+00
2.892317478293610078e-01 6.337039768675483131e-01
6.557562272296721950e-01 8.590715745783409352e-01
1.119213809793274228e+00 -4.833542140729464864e-01
-5.681323003824295670e-01 -1.257228277323609644e+00
3.556233499116737695e-01 -9.988799303820939945e-01
8.145056919434140452e-01 -1.355085545312185502e+00
-4.361423266931238607e-01 4.372074230557891905e-01
1.268385101322560438e+00 -2.718142648798106964e-01
-7.003063940381489827e-01 6.948786750124165135e-01
1.736081542554797741e+00 7.669335865376593064e-01
-1.996827121558496232e-01 1.038565529948733746e+00
1.212129285173088267e+00 -1.731999173100324363e+00
3.746231244691430318e-01 2.341756051089916579e-01
5.306004419257236426e-01 -9.080087176602611443e-01
1.050585605242805087e+00 -1.587234027211209098e+00
2.597340852337471917e-01 1.130077556489709201e+00
-1.461614453153241566e+00 8.727339080637740443e-01
-1.105832777532035571e+00 1.526380058347389657e+00
1.034956715377263414e+00 1.642506958785472815e+00
5.235919596536068310e-01 -1.965157390394796644e-01
6.191442106681422919e-01 -1.460627833341884507e+00
1.760000803279093917e+00 1.159485845188505060e+00
2.072419775626302418e-01 9.663651286991171707e-01
-3.620835253356712857e-01 1.096513271783872562e-01
1.231293342019934789e+00 -6.485169005616995275e-01
1.165944998075272521e+00 -9.315110775669399601e-01
3.641320903439725920e-01 3.931524402235554994e-01
1.555942126781984847e+00 -1.219275561282749942e+00
-6.234586397093402343e-01 -8.149462163287634064e-01
1.597545300288733428e+00 1.259267482059603260e+00
1.361485683097257038e+00 -1.472391946408114327e+00
-1.454831463533778013e+00 1.594379574012011247e+00
-1.363500502539671144e+00 -1.420127995199470305e+00
9.974322224391888314e-01 1.393475484861424585e+00
-7.964526819834013560e-01 1.536034261976484183e+00
-1.450951066377548671e+00 -4.067434826002261361e-01
1.604634895650699278e+00 -8.721930988554386088e-01
1.094140840366749856e+00 -9.317374917209448881e-01
-1.157288312119691298e+00 1.405808495874524722e+00
1.649485649906113904e+00 7.727536295235009067e-01
-4.121868208742762163e-01 4.100008261180360103e-01
-3.654356896573778268e-01 -5.271081243914935710e-01
-1.609816831383267033e+00 -6.974873429393898538e-01
9.450702845867015034e-01 1.578461141771332787e+00
-1.675182629484835983e+00 -7.355950919851086400e-01
9.193559275535480024e-01 -2.560746285955532997e-01
-8.925120574891346470e-01 5.045140755309787117e-01
-2.495146614197857327e-01 1.187625920194921303e+00
6.451488102609903574e-01 -1.270595732935245192e-01
-9.296051876791253665e-01 4.919180056543155932e-01
-7.438303087796388491e-01 1.051085347734000530e+00
-2.163028502621168747e-01 -4.768679359329907053e-01
-4.028038669139619166e-01 -1.270731939526859700e+00
-1.559004458781624081e+00 6.418941420498541772e-01
1.081606691128437436e+00 1.740504086106195558e+00
-1.516058404772615331e+00 -9.241810705035184981e-01
-3.201755462849342759e-01 1.224668721730340026e+00
-1.046745813302835559e+00 -2.185824415132799903e-01
1.645579801366282791e+00 -9.781136380008453868e-01
-7.127214027985135925e-01 -7.424425121863763577e-01
-1.167554053331357089e+00 -1.565057519743429992e+00
7.568414961064580115e-01 8.835509218500532391e-01
1.231380452785983515e+00 1.162257884285206266e+00
7.802092522750254666e-01 -1.161750713493286957e+00
5.311847158075331254e-01 1.390743249139925419e+00
-1.500946852425005584e+00 -1.437792496781000740e+00
7.295202785073656715e-01 -5.373147070954521487e-01
6.119835283389406522e-01 -1.269853079185744971e+00
6.789387107301534385e-01 -9.199685996194930659e-01
-3.977996472131570815e-01 -1.351542654575271341e+00
1.463906152604628197e+00 5.345181550521918012e-01
1.012140338585383548e+00 6.562357455393552641e-01
7.545705390033499160e-01 -9.717276665972047756e-01
-6.139275214237156497e-01 3.370886179053847465e-01
3.453517114001445343e-01 -1.053325579006337165e+00
1.157590343820428691e+00 -1.707469754417250796e+00
-1.803897103013775080e-02 -1.427552024616016990e-01
-4.107894504850612138e-01 -2.864800175794392570e-02
7.679021126629530514e-01 -1.326218826648577487e+00
1.033499226019889861e+00 1.300310682011730778e-01
1.047492878684627593e+00 -1.690405231508043116e+00
7.629908201025996650e-01 1.550876143270574437e+00
-1.558604185621041971e+00 8.187607041797353435e-01
8.504717230890694868e-01 -1.728579249629678571e+00
-1.112871576496098580e+00 -1.685977420128689674e+00
-1.119692392063692310e+00 -1.044040839482602179e+00
-1.584874536207115936e+00 -5.831014281408642974e-01
1.020680948128104726e+00 3.904823909915019486e-01
1.266116571658506773e+00 -1.523533803937230591e+00
5.481875672197623617e-01 -1.049558639063645549e+00
7.786922156833361308e-01 -1.635174035587702690e+00
-1.192150029166244574e+00 -9.297849884876459026e-01
-1.418363587347652999e+00 9.136527783202827990e-01
-8.934605320703949971e-01 6.864943537748362523e-01
1.328807625737657538e+00 -1.670184776547189109e+00
3.525713564969491509e-01 1.394362807599993204e+00
1.461240813351546208e+00 -1.464871140010383987e+00
-1.153693872430608502e+00 -8.527028878366776921e-01
-7.699866412514146941e-01 8.307831624718513552e-01
-1.247474842653702343e+00 1.014454468627802308e+00
1.732832337898841280e+00 -1.252038379806406310e+00
-1.679991019074757785e+00 9.159887842535051616e-01
5.784535289039289818e-01 1.261588187134244921e+00
9.679745695943728911e-01 1.086509856086126824e+00
-1.268128933968724725e+00 -3.546628403164418519e-01
-5.013394431491340342e-01 -7.405117853461828936e-01
1.733151744706803887e+00 1.204249636195015460e+00
1.003997689150899042e+00 -1.113753084217345091e+00
-9.177249078436252594e-01 -1.338842650617660279e+00
1.173667760950643180e+00 -6.945958946405547119e-01
1.593232108428782157e+00 1.148375957860303442e+00
-1.125753601415814265e+00 -4.158343598198034341e-01
-1.304805977558874508e+00 1.459733307330837171e+00
1.381283439503244947e+00 8.150909767580176712e-01
-9.098324395676739285e-02 2.694015739393754161e-01
7.237029316795398071e-01 -6.439891930995123026e-01
7.722135755203335394e-01 9.127825130398324882e-01
-2.747593191914565192e-01 -5.453027649364926982e-02
4.901588910627015516e-01 -1.465700825032437260e+00
1.171886342574127493e+00 -1.287869323442000447e+00
-1.254630361210511191e+00 -1.331189243320732185e+00
-8.974835739348181463e-01 2.910764204309402858e-01
-4.606805392490079254e-01 -2.744523642558188703e-01
1.384036889520708247e+00 -1.223205339714006357e+00
6.125337419899953284e-01 -3.035083701190220418e-01
1.146181665560885188e+00 -3.695386594034550942e-01
3.235052722113136436e-01 7.291754712265510197e-01
9.683744774528715293e-01 -1.258384935432895313e+00
1.221483023303705062e+00 -1.165049008624171378e+00
-1.726776591971967312e+00 -7.339235774533987566e-01
5.212415598771311664e-01 4.301990926973360829e-01
9.561977129383180118e-01 1.875096691982720831e-01
4.766278286186146490e-03 1.549130841820821614e-01
-8.663500723231648548e-01 -2.196964302431709259e-01
-9.498026178618889093e-01 1.133614348131907423e+00
-4.714778237344356415e-01 5.812198808871315431e-02
-2.556299498252165847e-01 -1.282800234629373648e+00
9.955292840519998077e-01 6.696131876460285071e-01
-9.488903921901704619e-01 -1.167508306428597376e-01
-1.416494240446671160e+00 1.630896478202308097e+00
8.890694028247166092e-02 -8.651353799898043873e-01
-1.508355319721937482e+00 1.358813515610987510e+00
-1.090725391712960013e+00 5.793487296911633555e-01
5.544953542186932260e-01 1.614366335464129554e+00
-7.283958690307841266e-01 1.482191569626574612e+00
6.329203744066467241e-01 4.772641501512897011e-01
1.290239432187008761e+00 -1.426197218719236659e+00
2.852030392657546320e-01 -9.950443374669014629e-01
-1.499687580877485660e+00 8.085638756776990510e-01
-1.204978422754825251e+00 1.733577689411005984e+00
-9.495862477992190742e-01 6.973561171456992280e-01
-3.207560211327101785e-01 1.250163023840213050e+00
-8.519709674667206301e-01 5.453758590356689862e-01
1.595170376542234703e+00 1.180182803639276967e+00
3.380695657956494515e-01 -8.164356074731811130e-01
8.876691793376736417e-01 -1.181989990534446644e+00
-9.208651082316225978e-01 -5.750078798390829693e-01
-4.698014475856598371e-01 -5.751709360988086495e-01
5.803312162801217422e-01 -7.319281558301486967e-01
5.071374013226952471e-01 1.321404277532097327e+00
-7.924388851052467375e-01 -5.625282430751745721e-01
1.289006091686405009e+00 1.418490001761031793e+00
-5.969378365063602310e-01 -6.173251819945105856e-01
-8.746652188526401472e-01 -4.117751480044206103e-01
-5.569547355314853621e-02 6.239711278347409573e-01
1.102862643344350246e+00 1.164978965747180073e+00
-6.770640411599962993e-01 -6.564459703882787878e-01
-8.106353879030075982e-01 -1.330429382510243119e+00
6.782746513038588887e-01 1.409809829038312312e+00
-1.767103612998215667e-01 3.322039692335437278e-01
-7.694307175225155726e-01 1.621730106331361609e+00
9.516650151385180889e-01 7.653444456326619072e-01
9.868223147273924578e-01 -1.232401480602622001e+00
1.672245942382838857e+00 7.484611081505750940e-01
-1.404182378400882003e+00 7.037809180476702897e-01
-1.394542872591577165e+00 1.330867929649858006e+00
9.704185022010575201e-01 -4.894134410331750229e-01
-1.089183999569687256e+00 -7.416952106474337114e-01
-8.368740931900117141e-01 -5.130600396917629480e-01
-1.061428767956735131e+00 -1.691037219740040953e+00
1.352871581908027032e+00 -4.626136826468796315e-01
6.939863220846254066e-01 -7.879595902252847228e-01
7.831097376286562106e-01 7.526940837360568404e-01
-1.266370095298792631e+00 1.760376958883127063e+00
-1.907251577349114158e-01 -1.756857804497518050e-01
-9.486390452865829381e-01 8.691143632364031757e-02
-1.166427931733346801e+00 -5.196067355322804282e-01
1.317006232105582653e+00 3.444585765045463099e-01
6.352923127856535679e-01 1.521099333095572437e+00
8.638323975599485616e-01 -1.165556828987917237e+00
-1.244274848632243469e+00 -7.443859186615823242e-01
-7.750037888812019160e-01 1.163346875380208090e+00
-1.781152144758573863e+00 9.783306576581404235e-01
-2.668361824656659831e-01 -8.152544792272790053e-01
-2.286544521287669704e-02 3.765474396002770341e-01
-2.584336458471961917e-01 -4.985542398056410640e-01
-8.847815293640094447e-01 -2.810574858945647514e-01
3.225540076271233847e-01 -6.491254809979131180e-01
4.442552088190455106e-01 1.119863838844280535e+00
1.598722157501131669e+00 -7.420334785103626096e-01
3.204463356012098307e-01 3.429951228238273253e-01
-1.394914930990118540e+00 -1.102838389935783203e+00
1.543321833123085796e+00 1.096720557055543610e+00
-5.792228715464879940e-01 -1.209666200897391519e+00
-1.534650680011523383e+00 1.351315988462855611e+00
-7.281111054249520542e-01 -1.454452685655689415e+00
3.877306149729669027e-01 4.778677405681526213e-01
1.689515666964217233e-01 1.020463706241539148e+00
9.489707641157545392e-01 -1.589103832087428447e+00
-1.633243395653740659e+00 -1.452038463697767012e+00
1.347713516682846890e+00 1.182978682954459071e+00
9.934667839906642373e-01 -1.349831060923882387e+00
-5.627002620468198740e-02 1.355719718711721478e-01
-4.619374740052793471e-01 1.272786866896191027e+00
6.754937331294359470e-01 -1.565316921374144021e+00
-8.516821292589928927e-01 1.335963573676792748e+00
-1.127655778283745081e+00 -1.076953495037161090e+00
1.020777695761167642e-01 -3.537350875059768751e-01
-1.263675051294950835e+00 -6.758586151049438273e-01
-3.724694347393455174e-01 1.007376263400776351e+00
-4.183050158886377767e-01 7.455737277410871000e-01
-2.223815778153003520e-01 1.884731347216852537e-01
1.342555513180970495e-01 5.740136792397466658e-01
-7.726530229357451152e-01 -1.591441081413648151e-01
1.365989342649869709e+00 -7.763739756793688329e-01
1.459228330601886281e+00 6.739017823008730534e-01
1.804142135693123095e-01 3.779341098469040650e-01
-6.241428912970616860e-01 1.190685591817241207e+00
-3.834419222563004159e-02 -5.593736250406794452e-01
1.537975865120832175e+00 -1.550556626032770779e+00
-6.665100567356585515e-01 -4.739813172115385498e-02
1.244205622264874661e-01 1.192378919654935865e-01
-2.711442254020994189e-02 -2.948562286805126581e-03
6.635302488312326830e-01 -1.637761154688754495e+00
4.186216812389479403e-01 3.177175574726150420e-01
-9.630831743685948076e-01 -3.101152001946457792e-01
-4.385224481963186371e-01 -5.144476726565725411e-01
2.166807250945191055e-01 -2.627127272820375947e-01
-1.270631128208712157e+00 -1.092271995303696563e+00
4.093293314919720371e-01 6.016791449306144735e-01
-4.174669726203015241e-01 4.451305952413516787e-01
3.866097387276212216e-01 3.293368397231722922e-01
-1.499628394776810536e+00 1.294282886482303496e+00
-1.831555795106414308e-01 4.285257219934258122e-01
-7.769709097619411642e-01 -8.711613356626178861e-01
3.220938149206164502e-01 1.190836307600684485e+00
3.057785884840209523e-01 1.165896534713575017e+00
-7.927066128973468961e-01 1.419035978842212664e+00
1.079003273985480904e+00 7.629993317436097877e-01
-1.254491739899981528e+00 2.208348577278826941e-01
3.592496340801183408e-01 2.924176958342862287e-01
-9.824676755716882370e-01 -8.626589470383011493e-01
-5.567443085729194552e-01 -1.544046647753201107e+00
-3.985628960329299919e-01 3.165636077431778772e-01
-1.206953561550007326e+00 -6.287786304738677279e-01
1.378583615033348364e+00 7.323375133602103570e-01
1.274318361811592526e+00 1.266478252596082044e+00
8.049437273757219513e-01 -1.375069908993621359e+00
-6.976914926963652119e-01 1.695302437588428246e+00
-3.745503640462881645e-01 -5.860424650795262869e-01
-1.021553763760817690e-01 8.869081767098901947e-01
-3.018680126665065355e-01 6.407970034397473258e-01
-1.185392226810531469e+00 1.881514476675528735e-01
4.387813622750253995e-01 9.230644628229060789e-02
1.626467116540712743e+00 -8.019135154582199831e-01
-1.464678833092517340e+00 4.780243331864403311e-01
-1.256566637464354708e+00 2.298168873117698296e-01
1.703785930488273870e+00 -1.282857503147515565e+00
-1.630385298494364310e+00 -9.440420932966236967e-01
8.940209114735460094e-01 -1.348435898618915996e+00
1.301497829496459424e+00 -1.154472054909897016e+00
-9.980197811876801994e-01 -9.396619703714530480e-01
-6.632063200801376901e-01 8.655912055948765671e-01
-1.487999857609944021e+00 3.943300164107403916e-01
1.602063678114687306e+00 -9.333960733071083871e-01
-2.235672673750761508e-01 -5.993522255129380971e-01
-1.035700478877364716e+00 -9.275607780647519007e-01
-2.893958871687862811e-01 -1.247786169441224668e+00
-1.666523815204201009e+00 -1.280537822782041202e+00
-8.887156243013213386e-01 7.502752769196096017e-01
-1.454736192706219233e+00 3.675288696172767100e-01
-3.988131193829179688e-01 -4.369094693793205142e-01
-7.122693238788654346e-01 1.465253476585285597e+00
-1.081953416556520997e+00 -1.237597864827371108e+00
-5.313341369126991509e-01 5.810925082297208055e-01
1.063032587569935794e+00 2.373794861211303009e-01
7.102513657921171175e-01 -8.705075825004796597e-01
-1.067481736057712682e+00 2.181829471740028559e-01
-5.369532510015998517e-01 -1.419228390649736327e-01
1.215959529669192518e+00 -1.471666060127539088e+00
9.124044686044698871e-01 -1.546341545897954806e+00
-9.344831071091483921e-01 -1.215349772416076890e+00
-6.748609812553254539e-01 -9.163684535839787815e-01
-1.224533349464592691e+00 7.515016156722799101e-01
-8.571936810128147899e-01 1.729578471498051329e+00
1.230040695177452958e+00 -7.409792422898606734e-01
9.989000922117283743e-01 -1.203485649772545463e+00
-9.425740654605199165e-01 -7.593492614386586625e-01
9.935196123160745518e-01 -1.371085602405206272e+00
-1.122657725188110689e+00 1.926497626372603855e-01
-1.568859649438320458e+00 -7.332500071420258170e-01
-7.676691052260977699e-01 -6.461383120184552853e-01
-8.361119830364808214e-01 5.351045910446129428e-01
-1.063388651990796019e+00 1.583968788140810435e+00
1.600067108446725284e+00 6.363141977095033708e-01
-4.247790980546595208e-01 8.124794472776134535e-01
6.914183528663581102e-02 4.083751146435997681e-01
-1.115508628230138966e+00 6.449477191273669252e-01
6.212531086418796589e-01 5.552858187586546812e-01
-3.847633817497575492e-01 -1.361974598199046982e+00
-1.781271028926106892e-01 2.792078716657422910e-01
-1.643416093026054681e-01 3.808883249256966863e-01
1.286608087464360839e+00 1.098843001348474235e+00
1.391243016280862443e+00 -1.561001057361608435e+00
8.650207434652563698e-01 -1.556051504987359557e+00
-7.860309207942405285e-01 -7.601535967457805354e-01
1.013798766551201158e+00 1.063007443007371045e+00
2.900035358765959415e-01 -9.076181480323659567e-01
6.362154614938186903e-01 -8.111363841184007217e-01
-1.475866513091291132e+00 -8.234208720280413729e-01
1.244844043565873193e+00 -1.680239128833226792e+00
-1.434405899854756195e+00 -1.502180256752798426e+00
-1.282624539831998423e+00 6.162118175327992997e-01
-3.719170295155347916e-01 8.444320070676315515e-01
-6.809812377452733045e-01 -1.040998792073928592e-01
1.485706889937457253e+00 -1.412516805060275438e+00
-1.181858767893308793e+00 -1.227031249727421391e+00
-5.010176352988660042e-01 -1.007066676672529137e+00
-1.261168918344513612e+00 2.746039329703546250e-01
-1.147245544330771638e+00 -7.292547751868537764e-01
3.178714166889383685e-01 5.312394896047462067e-01
-3.426798651915151650e-01 -1.234933838089948610e+00
8.959630690804539777e-01 1.206215309597894914e+00
1.201853187611788276e-01 -1.523090973962194228e-01
-1.675645617068139082e+00 -6.409757120608624570e-01
1.514102884018605488e+00 8.103549083154532040e-01
1.372637931716097770e-01 -9.848366192675725994e-01
1.620327084508270232e+00 1.155069294042837091e+00
1.795076884278631546e+00 -1.101977802487213998e+00
2.139538623858430189e-01 -8.257026608410338378e-03
1.254978507809862309e+00 2.817845088647301099e-01
-1.325280996853101856e+00 4.217785832000349178e-01
-1.500446470221971307e+00 1.460734054664135639e+00
1.277522615340422885e+00 8.693730919272246727e-01
-7.176730071430351687e-01 -1.464202285084071464e+00
-5.992131707070501301e-02 1.967596517075714119e-02
1.261528159453881637e+00 1.015488751736271844e+00
1.231238261415871227e+00 3.223853418959866657e-01
6.594980701347670227e-01 5.166920191911308358e-01
-2.886719499748137130e-01 -7.734757371047253915e-01
7.867865779052587438e-01 1.674097161488532270e+00
6.112560578913337483e-01 8.385235048609283037e-01
-4.441001522019797365e-01 6.256391724008638633e-01
-7.224423747656099071e-01 1.656808334564111140e+00
-3.452600157411745974e-01 1.155043665652901064e+00
-1.515665871196789638e+00 1.076328729865267064e+00
1.110206042782985625e+00 -1.660034233016201899e+00
9.028887074187672557e-01 -1.708344949562824455e+00
9.504577593339748054e-01 -1.074683454704832952e+00
3.041621700598185485e-01 -9.123060239728639775e-01
1.122725116618199293e+00 3.030178260850999172e-01
1.551791852266126481e+00 6.719159720036157468e-01
8.747941385740389819e-01 -1.022683522915099674e+00
-8.315282912122319292e-01 7.739836160351601935e-01
-7.224558919711711047e-01 -1.352153939804906502e+00
7.683274125080116201e-01 7.462434777767655847e-01
7.527320581496246277e-01 9.253673685041057251e-01
-8.154689726519416260e-01 6.175607973114050075e-01
7.380656815643203972e-01 1.183505698826244679e+00
4.919618083638337414e-01 -1.188597117419404769e+00
1.288404992832637097e+00 -1.737843853115653037e+00
-1.731188809307074417e+00 -1.333665591872695622e+00
5.770135141729391126e-01 -1.549759646774352628e+00
-9.690517852302926727e-01 -3.028778155583423115e-01
8.950999397020624748e-01 -1.173051933131593616e+00
1.276125224410491921e+00 -1.065717882259467730e+00
-1.452641167881674633e+00 9.734673753571948529e-01
8.714713710468892094e-01 3.814735448588213451e-01
-7.482571824275636718e-01 -8.384372126976048500e-01
1.155212248743422654e+00 -1.178445919880239057e+00
-1.468598912575352244e+00 -8.923492137773174626e-01
9.103593334083778243e-01 -3.268772788242714777e-01
8.750856093848577988e-01 -1.792704456286098036e-01
-2.844550399641028182e-01 -2.234011629095113416e-01
1.163760471792438134e+00 5.881839119615969169e-01
9.101661079964287193e-01 -7.941532589299718503e-02
-1.013178340245463493e+00 1.015268564925592143e+00
-7.515330909988573449e-01 -1.377558798026949638e-01
1.146315914998370378e+00 1.516294625948393149e+00
-1.054806785098924227e+00 2.703177534622567824e-01
-1.201617099945813560e+00 -1.137544108765870643e+00
-1.104217636090142618e-01 -3.745548118421960782e-01
-1.235273960212835753e+00 1.332129695929904489e+00
-1.186456939747513983e+00 -1.158599015533864129e+00
-7.316334214797450830e-01 -6.826361477071297701e-01
3.147900544373254395e-01 -3.962544412957787199e-02
8.399107564439929341e-01 -9.329761168102869151e-01
1.203948199397607777e+00 9.856729683346792115e-01
-3.639503165254416861e-01 -1.195309875313844916e+00
-1.151340393293251774e+00 1.110570020128499147e+00
-8.324712690653303104e-01 4.856042585076398854e-01
-4.541850080686690022e-02 2.953289773769063667e-02
-1.962031895299330697e-01 9.002799205702910479e-01
-2.629905473077094324e-01 1.303734845015548149e+00
1.076581143457533640e+00 8.181401303052993068e-01
1.751125218037745679e+00 8.507876157733424982e-01
-1.835857790958232427e-01 -9.508466983662509087e-01
4.643840831130281455e-01 1.450974305574942447e+00
1.285893917856900437e+00 -1.129070679762884666e+00
8.779282865956963278e-01 -3.059853735380370088e-01
1.751053533198189127e+00 -1.016084753252340489e+00
4.272297019247399685e-01 -1.485341219809441782e+00
-2.894068138059500694e-01 -2.200381061927561555e-02
5.088665467977680074e-02 5.494270310313088546e-01
-5.380166444097039813e-01 -1.161699929038797707e+00
2.056918484467450126e-01 1.212972311828593996e+00
-1.096093128655892590e+00 -2.668807699842673520e-01
1.072763274869886541e+00 7.507392391016756150e-01
-9.216832078911639525e-02 -1.558853885588291077e-01
7.299615910085225368e-01 -6.582051277256462107e-01
-1.630818494225626525e+00 1.069096763091594404e+00
-6.608466491990843128e-01 1.392062128333902082e+00
-3.770772151360915481e-01 5.617873694477659718e-01
1.459871913443924418e+00 4.867600701943172181e-01
8.255947509373295912e-02 -5.505791568934271796e-01
1.189141966827861330e+00 4.796189011893363663e-01
-6.080364243436114230e-02 7.870572391896074604e-01
1.368946291084798483e+00 -1.431315327763625023e+00
-1.795281542774968431e+00 -9.696110340220956969e-01
-1.156569157159755390e+00 1.318181535487712441e+00
7.777059342423844335e-01 -1.348576198261321135e+00
-5.150870355876002726e-01 -1.030589427786775980e+00
1.219835225123343386e-01 5.866146684392086197e-01
-4.201250347822739761e-01 3.583492498778806934e-01
1.285929219556194658e+00 6.842092548308167377e-01
8.825030635035435722e-01 -6.621691970391645476e-01
-8.895275352796403467e-01 1.716516717134844550e+00
1.116789911625228671e+00 -5.192058630292042398e-01
-1.503378020389241954e+00 -4.200864808503086967e-01
-9.143302607450206620e-01 4.987378226575762685e-01
-2.095107931940520252e-01 5.191315633761035830e-02
-7.402397780186499299e-01 -5.894661643470442414e-01
1.981395303515963435e-01 -8.334610863860856256e-01
-6.011553766867889781e-01 -1.320416971650520077e+00
1.889682557583004519e-01 1.346385494050567344e-01
-7.611878677725801845e-01 -1.031940489573606401e+00
8.401592264224405637e-01 1.109398102464291602e+00
-5.816712280633665744e-01 9.561710604727713392e-01
1.571835619414400531e+00 8.664975745294324350e-01
9.160659900344828577e-01 5.434315489869319116e-01
6.130025861110490748e-01 9.722095998999077393e-01
6.767960102396828326e-01 1.279789601621847517e+00
-5.688348354381359551e-01 -1.084110185095439993e+00
-2.106261457165643780e-01 4.291049129335562373e-01
-9.125566229312502831e-01 -3.574485161425721147e-01
-8.862733564721847479e-01 7.133556717098943345e-01
1.615067340935874007e-01 -3.876607504245662694e-01
3.562327889339655940e-01 1.326280289704428128e+00
4.695078895828939669e-01 1.018554176940770439e+00
-1.098435852529489054e+00 1.630852559736663654e+00
-1.336667176912138544e+00 -3.408980637525652058e-01
4.186075560134730478e-01 -9.400844132926293728e-01
1.292713480886602984e+00 -3.036713076344864648e-01
5.320691658426077719e-01 4.509307416781712097e-01
-1.994537357750500728e-01 1.433139894874446707e-01
-7.825979421552885507e-01 1.568786441761973738e-01
4.689678608032507023e-01 -1.104949160546814912e+00
-1.466521717984630380e+00 1.314245859019974150e+00
-8.076004964379736029e-01 -2.118101441136154284e-01
1.496708990519645122e+00 -8.291752248678405657e-01
-1.460385492886195014e+00 -4.721335624013462962e-01
-1.470559350038523005e+00 1.175364608051114645e+00
-1.754490654487424584e+00 -1.167868850320828988e+00
1.073594533632917347e+00 1.790699371382856731e+00
1.498359480586569092e-01 3.307088902571120315e-01
1.370296044835140670e+00 1.470439205869060961e+00
-1.471804268658003512e+00 1.551562123913346358e+00
1.484660598155061795e+00 -1.094143592581171998e+00
-7.160705652928963660e-01 7.316069357722665423e-01
4.563236081964752167e-01 -8.547596181949005389e-01
-1.257241839794364990e+00 -1.275712618443513691e+00
1.307969147071345040e+00 9.557064498112473050e-01
-2.359668361906757383e-01 -9.702029688637825444e-01
6.589670989305318471e-01 9.895084987286291156e-01
2.734790703030834935e-01 7.458343425089181133e-01
-2.929420606281816775e-01 -4.071272439570199353e-01
-1.632687244792398573e+00 -7.294642663381077918e-01
4.830580151854617643e-01 1.499201914982045913e+00
-9.099491885802282742e-02 9.127998328750697166e-01
-8.987468768146625875e-01 1.521452854439761415e+00
-5.484715338397806450e-01 -1.126703934616510444e-01
2.005313181548233348e-01 -6.409608523900691690e-01
-1.095474845518196627e+00 -1.035293031340101866e+00
1.751718501363719094e+00 -1.020020422027366536e+00
-6.698543186039678243e-01 5.731594386169013289e-01
1.255747164819507100e+00 1.527796335430814834e+00
3.532883493664255026e-01 1.035252925150534686e+00
5.873390433921791276e-01 9.309103467597884540e-01
5.660187068919003694e-01 -1.018142677688803177e+00
9.170254341576561385e-01 9.273112157191680527e-02
-1.159895937899658058e+00 1.745220264818698741e+00
5.222333036571413789e-02 -2.633772653469772518e-01
1.457970097705100443e+00 1.599404134604426764e+00
7.810917666675939453e-01 1.179250073732673654e+00
-7.882325949189517011e-01 -7.023371185324809307e-01
1.405665709916328776e+00 1.657179646890412972e+00
-9.831675571332609831e-01 9.931859307131321035e-01
1.636919763889389090e+00 -1.110428786405561752e+00
-1.198206359382367969e+00 -7.755118788934941554e-01
-1.233533011895167952e+00 -6.377610706959190301e-01
-1.650999779603260720e+00 -1.348290700579408696e+00
-8.836343955256897864e-01 8.302720742638695084e-01
-5.268654548988973563e-01 -2.300414164536088435e-01
1.219071024792711899e+00 5.044455948517932997e-01
1.209765779440965083e+00 -2.588781378923375454e-01
-1.039138760452988031e+00 2.513073731855600679e-01
8.484858571180584619e-01 -1.455663066850701459e-01
-1.173999885778950425e+00 -1.446532830230528255e+00
-6.280823842438378879e-01 -1.167978874596137473e+00
1.462156282662658402e+00 -1.361409996139552714e+00
-1.203017052387329811e+00 1.139194419033372707e+00
1.688984642605275921e+00 -7.104026886467592616e-01
1.158684049531546245e+00 1.770168057524919236e+00
-5.054170869318490578e-01 1.671450549173440769e-01
1.098068139353929995e+00 1.349545445379058295e+00
-9.224111118892520667e-01 1.084164960647435061e+00
2.024502799900607664e-01 -7.722860140957912289e-01
-4.913525105628710477e-01 -1.170606597319413966e+00
-1.230118350023821500e-01 5.188399476268319432e-01
8.452934976561419234e-01 1.402513405605910535e+00
-1.565768898016939525e+00 6.911484062462964761e-01
-1.277264632514279186e-01 1.410345889771331684e-01
8.187749864682928314e-01 -1.306882851721492100e+00
6.972120884831877197e-01 -9.973252609535074864e-01
-9.737267258430392092e-01 -1.056121245116233842e+00
-9.580056992967854734e-01 -7.143339506943148232e-01
4.690826737332712271e-02 -6.104572340905504158e-01
-9.608487711205276893e-01 5.256341196610880839e-01
1.263937879729061686e+00 7.515415632785428235e-01
1.147796363746339310e+00 -5.204025978772731653e-01
1.156315711267571766e-01 6.099514349829475712e-01
1.344157456238731230e-01 3.394037404444030237e-01
1.574287880771247705e+00 -1.363442390731979259e+00
1.610589578866035598e+00 1.045710689962831230e+00
-5.333793571222481544e-01 1.124192812652024420e+00
5.382948639161708737e-01 -2.290741316194480626e-01
1.507005591615843576e+00 -1.305147729721030991e+00
-3.848286330242377540e-01 5.263177831110104066e-01
7.804570126749506009e-01 -1.031316117669760279e+00
4.224819336707512085e-01 -2.001599452621567188e-01
-4.429457280459686563e-01 9.719330073067659059e-01
-1.249838923239446897e+00 -7.052799955289771328e-01
-1.151565447402883136e+00 1.172169750663999643e+00
1.461039417716399447e+00 -6.358064897162108986e-01
7.325330820222945016e-01 1.070415960046178450e+00
-8.355262274612018647e-01 -3.489490803776872374e-01
4.251115777394103845e-01 -5.632647628187474886e-01
-1.054106594981335521e+00 -1.027670697471174899e+00
4.725801829005070176e-01 1.260605120279335800e+00
-3.686413915727882462e-01 7.777845073314745283e-01
-6.867512466062164478e-01 2.770392509709181383e-01
1.550277410697612268e+00 -5.860589659025430276e-01
7.114458815799753477e-01 1.574614837900475850e+00
-8.276214432824564871e-02 8.805678285024320928e-01
1.288648446925224844e+00 -6.609910288905872511e-01
-1.689298552891329575e+00 1.144424094866075325e+00
-1.715300757460358039e+00 1.038279507009168601e+00
-4.052052059785437033e-01 -6.852310100667714510e-01
-1.639744525440908873e+00 -1.082239258495471868e+00
-1.043702590845880795e+00 -7.126197661352816626e-01
-6.591450403233312105e-01 9.439903597255386858e-01
-1.209413424937854087e+00 -1.209835630112801264e+00
1.967078253948368327e-01 1.988537757083348387e-02
-3.438652682137249839e-01 -7.405048032282497417e-01
3.839598548928121330e-02 -1.048931282169670610e-02
-9.464007454058797064e-01 -1.627269033134072673e+00
-1.561237638062528577e+00 8.660667104527020044e-01
3.496270347470034068e-01 3.666853843595102580e-01
4.546144787860622594e-01 2.056435218782580177e-01
1.405887695361134559e+00 6.022969772569377600e-01
-6.725695364050019442e-01 1.115289014369067022e+00
6.807776357787049815e-01 3.369274362430399461e-01
-1.493795327572248643e+00 -1.159649380898620574e+00
1.042649008039134850e+00 -7.701649438265030234e-01
1.123213658489289474e-01 -2.451714860112412520e-01
-5.171486520563921552e-01 -9.677666196108918317e-01
1.762709680960736491e-01 -1.095875860366034349e+00
6.244224917018251775e-01 1.542639881687759562e+00
-1.000835134860904724e-01 9.252446598281048873e-01
8.188574482893635764e-01 -8.694042137151537508e-01
8.160228270979135168e-01 -1.132529277926839634e-01
-1.238625280472090306e+00 -8.764353398660957861e-01
-1.415151699592387624e+00 -1.506845378061996810e+00
1.523055023470404112e+00 -1.054789639530435696e+00
-1.976324835780415290e-01 -1.878797562185557102e-01
-8.143126910104130090e-02 -3.752622089693818386e-01
8.797374180561574608e-01 -9.043066623020081796e-01
-6.341907114477529639e-01 1.781881041855930270e-01
5.868680859120455340e-01 -1.548380707142835266e+00
6.132240676589001405e-02 2.685763806466050507e-01
1.101019968455775766e+00 1.537838648888228077e+00
-7.716994995905175347e-01 -1.237191733023804474e+00
5.848358467524074067e-01 1.628923347437261082e+00
-8.563704544721233436e-01 -1.407488690466140557e+00
1.249588643588363412e+00 7.378932421857636870e-01
6.961046406903383943e-01 6.255020129864217182e-01
-8.788201570607491186e-01 -1.425872978006646141e+00
-2.538328056464547733e-01 1.067530288585560871e+00
-7.994910886435716568e-01 3.998748747638947720e-01
1.233045347353365351e+00 1.422680056419631578e+00
1.005189667506957818e+00 1.552353757198041251e+00
-1.643028774361256605e+00 1.477766717963970411e+00
1.186512696953589074e+00 -1.184595141084101133e+00
-3.598392763775495884e-01 5.896654566826636801e-02
6.865585776482647784e-01 1.652565409860561607e-01
7.687247862959547540e-01 1.483889334326419229e-01
7.152370469042799161e-01 1.097640766073595842e+00
-9.179447353086706007e-02 8.376502283318887354e-01
1.286146037662684982e+00 1.715816114842362072e+00
7.071950359336860448e-01 -3.753132416719508480e-01
-5.243963382919598626e-01 -9.068872168067558526e-02
-9.938543523513785338e-01 -2.157099285692521407e-01
1.718489466667938226e+00 1.379675093976715949e+00
-8.840176001443424969e-01 -6.652476929519253179e-01
-7.268717130274208182e-01 -1.170845584169993625e+00
-1.054622957803277083e+00 1.572721704290225009e-01
1.205043213389696555e-01 -1.004932988089126955e-01
4.363261638530874786e-01 5.463898449859962980e-01
1.261970821654391450e+00 4.471491572391940172e-01
6.338187921089837307e-01 5.653567492988448295e-01
-5.230992086134108598e-01 4.820474697680793841e-01
-9.495929401224603161e-01 1.749165265242164313e+00
3.550535504966269018e-01 1.226616853138754015e+00
1.204269042037005022e+00 2.169799510544524745e-01
1.678899306418318194e+00 1.343789264817118134e+00
6.954285094646389664e-01 -1.938695504418380677e-01
-4.810823037958768533e-01 1.574816026579717754e+00
3.760359751067827716e-01 -7.855915483302554625e-01
-8.189536688592226055e-01 3.698654770193233743e-01
4.778963740038714159e-01 4.295248845670659454e-01
9.774939227468608660e-01 1.634348999275259562e+00
-3.656126237207514840e-01 1.881052071733257391e-01
6.052869877549983402e-01 -8.784273444885098980e-01
1.050818567233160472e+00 1.481466632443986242e+00
-4.254555518673385217e-01 2.608502005182832262e-01
-6.885408887661471633e-01 1.575171697811987848e+00
1.303455898921614953e+00 -1.075319213724391432e+00
-4.447629509606429998e-01 1.325005512733168800e+00
7.932283197764864457e-01 1.567055879461855872e+00
8.327240460007011569e-01 -1.083984938145555965e+00
-1.038442482216911822e+00 -1.083761036832489033e+00
-5.328938745974753921e-01 1.068865809423701907e-01
-7.806326461914648851e-01 -7.590648842590844714e-01
1.274850515518581640e+00 8.870043485576247777e-01
-3.639962718901661454e-01 -7.464136612638233581e-01
-1.165145117613170411e+00 7.113916571444041104e-01
-2.772949119378944616e-01 7.045189288553113105e-01
1.765515131696497875e+00 -8.530169400822268377e-01
-3.571242857743133214e-01 8.876196050258292614e-01
-1.019697305987866676e+00 1.459684756253218918e+00
-7.654869798675625336e-01 -3.920635680368130815e-01
1.254896551532093785e+00 -1.434808059453714257e+00
-1.098285150540221355e+00 5.055712537681255059e-01
1.553279902998094153e+00 4.749441920843641141e-01
-1.171672920085593095e+00 -3.372324382376573060e-01
-1.680778306795943866e+00 7.628218070118218952e-01
-1.437417992403329459e+00 1.446850104963956163e+00
5.829999914056485100e-01 4.952000410391048102e-01
1.023600515405675315e+00 9.676480673521496989e-01
8.502331905888786956e-01 1.477236848467033736e+00
3.213389074719389948e-01 1.307700767583244827e+00
-2.784380157927132116e-01 -6.709558262194900147e-01
-1.342555968112194353e+00 9.842491831473635377e-01
-4.706280942314599036e-01 -2.232962789587752406e-01
-7.503533501300456710e-01 -1.885026354358327882e-01
4.504133127669742720e-01 -3.341774796147064519e-01
1.303228796210161633e+00 4.290203693804461316e-01
-1.210823677778342322e+00 -4.411745592347918743e-01
6.079005232028615868e-01 2.095936829613104513e-01
-5.067859883593703874e-01 9.791445829219949104e-01
-2.896772479593394123e-01 -5.844719848023177677e-01
9.741517832826627199e-01 8.951998921101218532e-01
1.619056002999532451e+00 -1.435233699494355308e+00
-6.970553901115622564e-01 8.360622099579936295e-01
-1.618730981002733493e+00 -5.399499503239461040e-01
8.574348696100585476e-01 -7.889817752745789114e-01
1.174158279437706870e-01 -6.460053055380559073e-01
-1.292519742755658729e+00 9.917886289118630350e-01
-7.722751332189965456e-01 4.251398694034803083e-01
-8.174209854591525382e-01 1.329660267089936454e+00
-1.007313975881261481e+00 1.399530609859341856e+00
7.976741125107085217e-01 -8.944511995060824283e-01
-1.504954113765412549e+00 1.042318726968348930e+00
1.370888319666901944e+00 -1.336610228454038873e+00
-2.207215119581333596e-02 -5.868109713251351556e-01
1.710757009540524676e+00 -8.171397405428877381e-01
3.376734651029677514e-01 3.552361527005270386e-02
-1.708174577585866327e+00 1.125144283609859741e+00
1.180411417183035105e+00 -3.318306945948114595e-01
1.441224941788654235e+00 1.362268717035959087e+00
-9.947842169618310582e-01 -6.797348742792928000e-01
-1.029942396788210868e+00 -1.339262456928347556e+00
2.766012931516341200e-01 -5.469403030743620331e-01
4.962458452900143091e-01 2.009628149305807410e-01
8.493882159037243751e-01 -5.920753352125546209e-01
3.425535947296630690e-01 -1.241950923155488162e+00
4.035126584018820517e-01 -2.940469815994246616e-01
3.986236017201471582e-01 -6.598606724279767466e-01
1.071366651221023591e+00 1.615589652641225449e+00
1.238140768972873840e+00 9.340790649367625154e-01
5.745854600381858912e-01 -1.592992865902002897e-01
1.181100748056706395e+00 1.660384173635474747e+00
-1.548509699745911794e+00 -4.484533428136086020e-01
-9.093273757607239771e-01 -3.183313427535282569e-01
-2.149691709455321120e-01 1.581119502470397231e-01
-1.127374834242277579e+00 4.570965810940431084e-01
-1.149824003522173399e+00 2.148235102001471719e-01
1.191809075774293625e+00 -6.091232518792735195e-01
1.107490084507090522e+00 -5.616930256725803927e-01
9.998389192403245307e-01 -7.857442035762544075e-01
4.887034424984040282e-01 -1.480647761424603637e+00
-9.306380564690661661e-01 1.029445339722563579e+00
8.836692972706056137e-01 -4.213453022288304872e-01
4.815388313145593235e-01 8.716668122184688672e-01
-5.154365068255826188e-01 -1.200474677382809885e+00
-1.056881241442515051e+00 -1.473268681100340372e+00
1.386306100479046011e+00 -1.214290638818269263e+00
-2.172061666601111107e-01 5.496360107600363198e-01
1.527590921782110645e+00 -1.580226019741350685e+00
1.577871239019650762e+00 1.478258757072457907e+00
-1.183684419284408706e+00 -1.575574926450582280e+00
1.468157260530251751e+00 1.617509790472879683e+00
1.569835004958882063e+00 -9.315457523983715626e-01
-4.504471926977737795e-01 5.445960602515305116e-01
1.311146254451941440e+00 1.336125562445126702e+00
-8.177877674682215714e-01 8.224057364701041761e-01
-2.787967447938988763e-01 -3.288312011725891826e-01
-1.420073744534295912e+00 7.983931712022804827e-01
-4.590598833625971764e-01 2.116401174830227494e-01
2.800904425741968518e-01 3.887420520657472456e-01
-1.271860804917334331e+00 3.269472376415981651e-01
1.155380483523448687e+00 -1.527787608367414673e+00
-1.748439133497784903e+00 -1.207846186200274285e+00
6.585878053151998923e-01 1.349782318165291928e+00
1.181318424322176375e+00 -1.737642855026157784e+00
-1.713524973178370159e+00 -7.673278203152696930e-01
5.598422524663071442e-01 2.301884462324301772e-01
-1.229487660783600500e+00 1.361578148065615945e+00
-3.623199174523521471e-01 -3.778238089795803445e-01
-3.347929894453062216e-01 -1.087361819612024272e+00
-1.506491871603007793e+00 1.294147449412296424e+00
-1.073368950009646827e+00 -1.259933085283499121e+00
-1.447129102116452515e+00 8.683242213786181996e-01
-1.184903139227322377e+00 1.097742875108878025e+00
8.058232150057100807e-01 -5.030665057231806792e-01
-1.486788958507926361e+00 -5.080092142920998866e-01
-8.040352178312909492e-02 3.832390369750724446e-01
2.432939657371937028e-02 -2.991016518828641946e-01
3.470130354826392871e-01 6.290396822648246511e-01
1.702275635103984996e-01 -2.920795551946521740e-01
1.258910860696457634e+00 -4.925064641553239531e-01
8.602012723766301328e-01 2.926531602485940020e-01
-4.293765635933194380e-01 -1.621643376478959786e-01
1.159731158464722300e+00 -1.220215320423926997e+00
1.348059400859218160e+00 5.334793296189118683e-01
-1.623144936701417906e+00 1.309241970487875051e+00
1.493641060466801340e+00 4.131142738606513043e-01
-1.572594970251528501e+00 -9.876488348319570898e-01
-9.726577368137353519e-01 1.080498957341133437e+00
-6.092805255789095487e-01 5.141147140679463989e-01
-5.766852173534829928e-01 8.420705666099841391e-01
-9.075347120697598857e-01 -2.844539505074019647e-01
-1.245224117380912210e+00 -1.397904570959613624e+00
1.458981228152794074e+00 -9.954709018608269844e-01
1.068874678519339705e+00 -7.399653984045325705e-01
8.233065801810564022e-01 5.427634059213176654e-01
-1.287926956970651959e+00 5.311648552053008787e-01
-1.416615208292348216e+00 3.184287096337901080e-01
-1.190834322180828631e+00 1.160956275360522705e+00
-1.170200303222665772e+00 -1.380551536237141663e+00
1.052056743534997008e+00 2.674078622022556528e-01
-1.175003025313658078e+00 1.616393226864529353e+00
-3.739065300644025536e-01 5.913907067578459686e-02
-1.375222087756590605e+00 2.874770586927519189e-01
4.133912026031519860e-01 -1.443653800858926362e+00
-7.930534005779560358e-01 1.212790562525744908e+00
-4.377825787458721196e-01 7.267938365281231272e-01
8.860546408835832111e-01 -6.299991391328801926e-01
1.325108241259212116e+00 -1.130329911214328353e+00
-1.276724522553373209e+00 1.290300746746972482e+00
6.717216953620475106e-01 1.357616446360513818e+00
8.513152721131963530e-01 -1.701258941717628703e+00
1.561847604321681349e+00 1.123781810143874571e+00
9.808560017892674621e-01 -1.218515647386237077e+00
-2.863647945200755163e-01 -3.258287857491319328e-01
3.985156639824211089e-01 -1.471777598362736139e+00
-1.439323733413498729e+00 1.288470797722686578e+00
-3.747574007917336414e-01 -7.414148713473528440e-01
9.494624749979813094e-01 1.298123183660910840e+00
-1.316371373053639493e+00 1.170053421730904208e+00
-8.174882690870750868e-02 1.779866055942744751e-03
-8.859880038583548556e-01 -6.673537224780949906e-01
-3.313011805018000744e-01 -5.073729108361341167e-01
2.238499423266681054e-01 -3.489547642769147973e-01
-7.055621646532045377e-01 7.243272694863340799e-01
-1.794896257271289430e+00 -9.385690980653393911e-01
-1.004880691761709466e+00 1.300211386013564230e+00
1.044890835126881745e+00 -1.659332572008478168e+00
-1.028642676818428026e+00 1.052000587070591742e+00
-8.983729823232059486e-01 1.399713529429912784e+00
-1.483437563564800277e+00 1.341461444875162279e+00
1.160805627572311760e+00 5.224523875215212332e-01
-5.466061416806200501e-01 9.197456955960633396e-01
4.994696606442580733e-01 1.291033341731835371e+00
-5.835200492232520686e-01 3.672399924234263646e-01
-8.548787197914953229e-01 -1.577612142015758945e+00
1.044612682061448972e+00 5.006923746811299258e-01
4.172624365140172875e-01 6.506063861240215518e-01
3.278181688687533679e-01 4.938554493495952991e-01
-9.417348111641059560e-01 -1.412000169990327070e+00
1.606417050325553486e+00 -1.380803352053461053e+00
-1.239103209063506794e+00 -1.277913941291095368e+00
-1.299390803488802870e+00 -7.192497852417132354e-01
6.393645613653662352e-01 -1.648018492805134683e+00
-1.496643773908323816e+00 -5.906464024736080010e-01
1.469492188115814058e+00 1.610069623588259002e+00
1.493610515479858014e+00 -1.369545017897840777e+00
-8.391387562909553843e-02 -8.787214715188443881e-01
-1.181945743107022384e+00 -1.748201389230638059e+00
9.790176224328579480e-01 6.966677082087452400e-01
-1.443826079291440578e+00 1.112013294180702161e+00
4.321838214638615838e-01 -8.433121966655541257e-01
-1.445235436442656063e+00 1.351477135617635827e+00
-1.624956051118312317e+00 1.359780878775068702e+00
2.845011292222802135e-01 1.411592652684761917e-01
7.344842988173421183e-01 -1.066604173489811069e+00
2.583211864594910367e-01 7.049181673137796533e-01
1.488934548860763041e+00 -5.393095140487663697e-01
9.154911921742037162e-01 -5.167572543312801692e-01
-1.058971126515328764e+00 1.400869318830388011e+00
5.362550499166032769e-02 -2.261704605473144336e-01
-4.270129948258151176e-01 -1.208386781846243041e+00
7.698575286340089141e-01 -1.704481512460081505e-01
1.591459046301633595e+00 7.327118041164991658e-01
1.592068793905084378e+00 8.022766849028762914e-01
1.208195701215685203e+00 6.092245381884457966e-01
2.676360722256656000e-01 7.287702466690881842e-01
3.576734691778498121e-01 5.712790089662950210e-01
1.504245315638865099e+00 4.709202916688733920e-01
-1.392330523166123157e-01 -1.069022672384634109e-01
-1.137491367089404681e+00 1.404560984479955366e+00
-6.982574040864373277e-01 6.904936810570674321e-01
-1.394829216487878942e-01 -6.080604502022398661e-01
8.360394426698261050e-01 8.356738632280941159e-01
-8.669450540198174737e-01 1.661556780829393620e+00
-1.059776260059066111e+00 2.757238178480268531e-01
1.540773227295198389e+00 -1.366050072747376998e+00
8.460204382848319771e-01 1.310234453472962857e+00
-2.301403653516592429e-01 -1.208064740447451602e+00
1.732383404342562327e+00 1.264254866542983136e+00
3.061523821352999941e-01 -8.428202101293442716e-01
-5.730573558248830413e-01 5.306997762348449887e-01
9.018460114181279241e-01 2.974724961244459287e-01
-1.002083128530442568e+00 1.517311758062530380e+00
-8.854413157253401279e-01 -4.430682199995563120e-01
-8.423023908790494563e-01 -1.355359034639837645e+00
7.918132556875883132e-01 -1.632587072987303767e+00
1.480360788860229926e+00 -1.083627105642477995e+00
3.471300064675926222e-01 9.547481282090665156e-01
-3.300384541838627950e-01 3.781677821497488878e-01
9.695917625067321799e-01 8.375481990887342354e-01
3.593730005040335906e-01 6.531268569147116176e-01
-1.664985818712844345e+00 7.341489537341179261e-01
-7.762533690497006589e-01 1.318468065277369483e+00
1.796003344895073794e-01 -3.418141026931908466e-01
5.637136568191446484e-01 -9.315629706948230782e-01
-1.616279368107392145e+00 9.728310410803192587e-01
1.774414039699328427e+00 -1.116507711782029233e+00
-1.319169714382508185e-01 9.362360679819420328e-01
7.546787438558363315e-01 -1.652463921593516849e+00
1.625585557601012310e+00 -8.296471196441161933e-01
-3.077384941965012888e-01 1.370708974623814358e+00
-4.259380760088069540e-01 -8.244335751778844035e-01
1.424193437003475671e+00 -1.179012783164399725e+00
-1.256181470498174413e+00 -5.738237387187780092e-01
1.135056204179679229e+00 1.606466956176936023e+00
-1.682783392837758907e+00 -1.273145136181004666e+00
-7.880595837824715399e-01 -1.616673690825354059e+00
-1.457453745979630400e+00 1.022872329832832161e+00
1.084665578861603086e+00 -4.817460954153282016e-01
-1.237395240040869426e+00 9.257383146443944888e-01
