       -9.104315e-01         1.217754e+00
        1.324238e-01         1.197784e+00
        2.256479e-02        -6.927955e-01
        8.081218e-01         1.070395e-02
       -6.885708e-01        -3.749494e-01
       -1.640169e+00        -1.407230e+00
        9.495526e-01        -1.170158e-01
       -1.477880e+00         3.380599e-01
        1.266997e+00        -1.542843e-01
       -5.537305e-01        -1.217267e+00
        1.130226e+00        -1.308065e+00
        1.684191e+00         1.204497e+00
        1.287043e+00         5.191443e-01
        8.967275e-01         7.377341e-01
       -8.549336e-01        -3.551690e-01
        1.007774e+00         1.306938e+00
       -1.219460e+00         1.631901e+00
       -8.801714e-01        -9.841411e-01
        2.845557e-01        -1.268045e-02
        3.169910e-01        -1.167704e+00
        7.236988e-01         1.198518e+00
       -1.110353e+00         1.175996e+00
       -8.241522e-01         1.559111e+00
       -5.049718e-02        -1.396633e+00
        7.354271e-01         9.499828e-01
       -5.501430e-01        -2.603767e-01
       -1.371048e+00        -9.687165e-01
       -1.361022e+00        -1.704552e+00
       -7.975407e-01         1.261602e+00
       -1.373144e-01        -1.364954e+00
       -2.924646e-01         1.335078e+00
       -9.599854e-01         7.068779e-01
       -1.026316e+00        -1.251723e+00
        7.525238e-01        -4.329984e-01
       -1.126225e+00        -6.410941e-01
       -1.471423e-01         4.155575e-01
       -1.543367e+00        -9.161658e-01
        6.079295e-01         6.659583e-01
        1.305810e+00         9.776136e-01
       -1.402912e+00        -6.453548e-01
        8.450453e-01        -1.017645e+00
       -8.312604e-01         6.728269e-01
       -3.759507e-01         3.886264e-01
       -1.247871e+00         1.052376e+00
        6.808115e-01        -1.696567e+00
        7.674127e-01        -5.468944e-01
        8.471341e-01        -1.016947e+00
        5.909679e-01         5.997982e-01
        1.054559e+00         1.107593e+00
        1.219960e+00        -1.537795e+00
        1.559298e+00        -2.856697e-01
       -1.700482e+00         1.515006e+00
       -9.469097e-01         1.506582e+00
        1.521857e+00        -1.435821e+00
        8.565567e-01         3.697480e-01
       -9.737207e-01        -1.145314e+00
       -3.920300e-01         1.886572e-01
       -1.375314e+00        -5.527932e-01
       -1.376690e+00        -1.685017e+00
       -1.256038e+00        -4.308577e-01
        2.717357e-01        -1.367007e-01
       -9.719910e-01         1.175513e+00
       -9.668910e-01        -5.189204e-01
        3.110287e-01        -5.153504e-01
        3.603385e-01        -1.731997e+00
       -1.205868e-01         1.195504e+00
       -5.015201e-01         3.149025e-02
        1.312086e-01         1.938894e-01
        4.577869e-01        -3.160370e-01
        1.513246e+00        -1.376904e+00
        3.242638e-02        -1.161408e+00
        6.461799e-01        -1.360608e+00
       -1.701765e+00        -9.484917e-01
        9.082488e-01         1.316139e+00
       -6.008513e-01         1.695458e+00
        4.714134e-01        -2.919697e-01
        8.886778e-01         3.703975e-01
        1.398122e+00        -7.648619e-01
       -1.248883e+00        -1.688620e+00
        9.071739e-01        -1.569706e+00
        7.118137e-01         4.702314e-01
       -8.352953e-01        -1.234354e+00
       -6.433735e-01         1.136185e+00
        8.188270e-01        -1.058892e+00
       -3.072130e-01         7.161750e-01
       -1.122316e-01        -1.298490e+00
       -2.361655e-01        -4.299631e-01
       -1.067881e+00         7.546533e-01
        2.634395e-01        -8.424685e-01
       -4.790829e-01         1.584368e+00
        1.020488e+00        -7.850298e-01
       -4.911290e-02         5.638442e-01
       -4.391948e-01         3.895587e-01
        1.632299e+00        -9.205360e-01
        7.936450e-01         1.402384e-01
        1.348895e-01         1.562068e+00
        5.154442e-01        -6.535583e-01
       -9.993600e-01        -1.226294e+00
        2.067494e-01         5.676144e-01
        5.244041e-01         7.880852e-01
        1.576194e+00         4.519174e-01
       -1.655615e+00        -6.177041e-01
        7.154410e-01         4.189509e-01
        9.649690e-01        -1.420911e+00
        3.028237e-01         1.036530e+00
       -1.068969e+00         6.303827e-01
       -6.339629e-01         1.276081e+00
        1.975617e-01        -9.441672e-01
        1.252811e+00         8.399053e-01
        7.891658e-01        -7.748064e-01
       -7.315991e-01        -1.591832e+00
       -7.085845e-01        -7.731259e-01
        1.188307e+00         1.454289e+00
        9.678566e-01         1.030491e+00
       -4.452477e-01        -1.997391e-01
       -1.267259e+00        -1.189423e+00
        8.043678e-01        -1.515146e+00
        9.972868e-01         3.285674e-01
        6.672277e-01        -8.251427e-01
       -6.534998e-01        -3.520355e-01
        6.419181e-01        -1.513352e+00
       -9.641982e-01        -1.431765e+00
       -3.656014e-01        -1.093418e+00
        1.329698e+00         8.449268e-01
       -4.918128e-01         9.003653e-01
       -9.184549e-01         1.636297e+00
       -4.674683e-02         5.812295e-01
        1.220380e+00         1.153394e+00
        1.071397e+00         1.728047e+00
        6.990955e-01        -1.723678e+00
       -1.403673e+00        -8.038499e-01
        1.450054e+00         7.976918e-01
        5.689606e-01        -4.415522e-01
        1.009038e+00         9.848008e-02
        1.286194e+00        -2.347463e-01
        1.409803e+00        -6.742832e-01
        1.324501e+00         4.089298e-02
       -9.085189e-01         5.895996e-01
        8.504290e-01        -1.452582e+00
        6.989458e-01         1.536986e+00
       -9.989047e-02        -6.855647e-01
        1.012413e+00         8.129481e-01
       -1.446135e+00        -1.483929e+00
       -8.453624e-01        -5.753190e-01
        7.354920e-01        -1.096598e+00
       -7.236390e-01         3.409724e-01
       -1.746228e+00         1.623519e+00
       -7.206810e-01         1.197704e+00
       -6.331339e-01        -4.767032e-01
        1.143125e+00         8.246092e-02
        4.309190e-01        -9.380693e-01
        1.357057e+00         5.942887e-01
       -9.750313e-01         8.537109e-01
       -1.526631e+00         1.030368e+00
        1.571474e+00        -3.000498e-01
       -1.424761e+00         3.935433e-01
        3.392834e-01         6.697909e-01
       -5.556891e-01         7.448101e-01
        1.818547e-01         7.076156e-01
       -5.006935e-02         3.816561e-01
        1.705887e+00         5.440033e-01
       -1.663228e-01        -1.421524e+00
       -4.408540e-01         1.066648e-01
        7.413963e-01        -9.265265e-01
        8.880426e-01         1.516518e+00
        1.236425e+00        -8.784667e-01
        8.004542e-01        -1.591520e+00
       -3.740469e-01         5.373622e-01
        4.852214e-01        -3.735254e-01
       -4.048189e-01        -5.187556e-01
       -1.047571e+00        -4.320866e-01
       -9.319391e-01         1.143949e+00
       -1.224622e+00         4.512306e-01
       -8.982580e-01         1.913915e-01
       -3.268362e-01         2.364705e-01
        1.418269e+00        -1.031992e+00
       -5.629236e-01        -6.817261e-01
       -6.527004e-01        -1.153486e+00
        1.083802e+00         1.514007e+00
        1.702472e+00         9.017193e-01
       -1.134320e+00        -1.271216e+00
        1.079673e+00         1.270857e+00
        1.462790e+00        -1.212081e+00
        1.424430e-01        -1.115856e+00
       -4.864056e-01         9.748185e-01
        5.888469e-01        -1.110317e+00
       -4.331166e-01         8.219871e-01
        1.754999e+00        -8.919681e-01
        9.564608e-01         1.173076e+00
        4.488533e-01        -6.751483e-01
       -7.330445e-01         1.386992e+00
       -1.406413e+00         1.162222e+00
       -3.700293e-02        -2.684894e-01
       -5.988945e-01         4.080488e-01
       -7.209611e-01         9.686178e-01
       -1.572313e+00         2.488490e-01
       -1.303937e+00        -6.094284e-01
        5.879525e-01         6.368808e-01
       -1.366044e+00         5.203141e-01
       -1.796923e-01        -1.057706e+00
       -1.736827e+00        -9.714147e-01
       -1.709799e+00        -9.141910e-01
       -1.112198e+00        -3.078790e-01
       -1.503176e+00        -1.556719e+00
        1.414074e+00         1.189276e+00
        1.543855e+00        -6.438692e-01
       -1.129914e+00        -5.037693e-01
        1.231446e+00         9.363268e-01
       -1.153080e+00        -1.527705e+00
       -1.311262e+00        -1.620915e+00
       -9.147417e-01         1.492552e+00
       -7.068485e-01        -1.129462e+00
        1.371134e+00        -1.751541e-01
        1.452480e+00         7.033032e-01
        2.326136e-01        -1.324289e+00
       -8.696475e-01        -6.638242e-01
        1.481214e+00         6.888572e-01
        3.659552e-01        -1.142108e+00
       -1.612867e+00         8.062757e-01
        1.412047e+00        -1.022658e+00
        1.016391e+00         1.558765e+00
        1.297017e+00        -8.626952e-01
       -9.752752e-01        -1.620927e+00
       -9.189180e-01        -8.227312e-02
       -1.153423e+00        -1.440539e+00
        3.271819e-01        -1.209226e+00
       -7.836099e-01         5.967251e-01
       -8.449990e-01         1.147220e+00
       -1.375219e+00         1.482891e+00
        4.881957e-01         7.698215e-01
        1.218646e+00         1.589804e+00
       -1.977354e-01         1.123100e+00
       -1.019728e+00        -1.081145e+00
        1.336232e+00         1.378851e-01
       -6.882154e-01        -1.162693e+00
       -9.047944e-01        -7.669104e-02
       -9.524946e-01        -2.055877e-01
       -1.136834e+00        -6.936023e-01
        8.706900e-01         5.681233e-01
       -6.092600e-01         1.543162e+00
       -3.824876e-01         1.107441e+00
        4.557541e-01         1.740328e+00
        1.440171e+00         1.590204e+00
        1.670718e+00         5.535951e-01
        6.408478e-01        -1.369517e+00
        9.216524e-01        -1.650068e+00
       -1.114344e+00         8.102877e-01
       -1.379201e+00        -1.577103e+00
       -1.463883e+00        -1.028200e+00
       -1.064630e+00        -2.567939e-01
        1.081939e+00        -3.410503e-01
        7.501150e-01        -1.580597e+00
       -3.604429e-01         1.476691e+00
       -1.018962e+00        -1.075158e+00
        1.738070e-01        -1.036504e+00
        5.575880e-01        -9.774083e-01
        5.513935e-01        -5.403378e-01
       -1.763185e+00        -6.815888e-01
       -9.601183e-01         2.233187e-02
       -1.636589e+00        -8.050364e-01
       -1.493470e+00         7.876266e-01
       -3.679112e-01         8.594653e-01
       -1.059300e+00        -4.322145e-01
        1.125268e+00         6.815124e-01
       -5.940619e-01        -1.591583e+00
       -1.168525e+00         9.808557e-01
        5.441304e-01        -9.910662e-01
       -6.602102e-01        -5.906945e-01
       -1.285507e+00         2.303595e-01
       -4.561351e-02        -1.096192e+00
       -1.039753e+00        -1.167336e+00
        8.853936e-01         2.662259e-01
       -7.386117e-01        -1.465790e+00
       -1.604697e+00        -9.549922e-02
        1.205050e+00         1.213154e+00
       -6.080665e-02        -1.682911e+00
       -8.706596e-01         7.964380e-01
       -6.525505e-01        -6.781717e-01
       -2.598834e-01         1.366550e+00
        6.611319e-01        -1.440464e+00
        6.309541e-01         1.411934e+00
        1.119335e+00         6.338672e-01
        9.632682e-01        -4.141987e-01
        1.336535e+00         5.400962e-01
       -1.590323e+00        -7.682364e-02
        6.553355e-01         5.548079e-01
        1.536430e+00         1.365626e+00
        1.353556e+00         5.728810e-02
        1.304245e+00        -4.565796e-01
       -6.608644e-01         9.597470e-01
       -3.378963e-01         3.838364e-01
        1.003875e+00        -1.693383e+00
       -1.078523e+00         1.233314e+00
       -1.096744e+00         1.429869e+00
        7.442721e-01        -3.459978e-01
        1.453484e+00         1.481176e+00
       -1.253592e+00        -7.335361e-01
        7.725072e-01         1.522394e+00
        1.015255e+00         7.176250e-01
        1.476561e+00        -1.498616e+00
        2.294290e-01        -7.395544e-01
        1.541601e+00         3.721765e-01
       -8.370366e-01        -6.540539e-01
       -1.502415e+00        -1.978141e-01
       -1.663317e+00         1.641017e+00
       -4.163538e-01         7.193789e-02
        1.442744e+00         1.706079e+00
        1.248517e+00        -6.328634e-01
       -4.144743e-01        -8.885725e-01
       -1.586317e+00         1.774001e+00
       -3.376129e-01        -1.333379e+00
        1.640836e+00        -9.485936e-01
        8.917540e-01         1.441914e+00
       -5.366078e-01        -1.201731e+00
       -9.258595e-01         7.536539e-01
       -8.009349e-01        -1.748158e+00
        1.726124e+00         7.680024e-01
       -8.214585e-01        -1.232194e+00
        9.125110e-01        -1.474364e+00
        1.097101e+00        -1.951879e-01
        6.172128e-01         1.674787e+00
       -1.251509e+00        -6.586232e-01
        8.075699e-01        -9.675793e-01
        1.634143e+00         3.817424e-01
        8.758107e-01        -1.435195e+00
        1.730248e+00        -7.140830e-01
        1.736788e+00         6.453411e-01
        1.163271e+00        -1.474923e+00
       -1.699756e+00         1.640635e+00
       -2.648812e-01         1.441883e+00
       -1.220622e+00         1.066399e+00
       -5.852281e-01        -1.539070e+00
       -6.394740e-01         1.340950e+00
        6.841806e-01        -9.961002e-01
       -1.178797e+00         9.991855e-01
       -1.631501e+00        -1.229385e+00
       -6.371957e-01        -4.622341e-01
        3.360886e-01         1.185425e+00
        1.611830e+00         1.574340e+00
       -3.565302e-01         1.384530e+00
       -8.409411e-01        -4.004187e-01
        5.304482e-01         4.333831e-01
       -6.803011e-01         1.908435e-01
        1.493569e+00         2.117489e-01
        8.634242e-01        -1.019079e+00
        9.971310e-01        -1.967875e-01
        1.548316e+00         6.659658e-01
       -1.167183e-01        -1.481743e+00
       -6.058229e-01        -1.387100e-01
        1.080461e+00         1.605446e+00
       -1.052423e+00         4.597688e-01
        1.337731e+00        -2.829824e-01
       -1.157985e+00         1.637452e+00
        1.742877e+00        -4.333859e-01
       -9.264357e-01         9.132751e-01
       -1.422669e+00         2.093682e-01
       -1.190504e+00         1.511480e+00
        5.411529e-01         1.495089e+00
       -1.235815e+00        -1.086992e+00
        1.111817e+00         1.911927e-01
       -5.411593e-01         1.454194e+00
       -1.691820e+00        -1.533058e+00
       -1.150067e+00         4.494344e-01
       -7.993745e-01         3.760631e-01
        3.040906e-01         4.386033e-01
        4.470905e-01        -1.009442e+00
       -6.745661e-01        -1.156229e+00
        2.301833e-01        -1.505749e+00
        1.196716e+00         1.372060e+00
        8.955928e-01        -5.071355e-01
       -1.188295e+00        -1.129793e+00
       -1.729115e+00        -1.306249e+00
       -4.244081e-01        -1.513816e+00
       -1.379259e+00         5.887980e-01
        1.667428e+00         7.880816e-01
        1.119334e+00         1.026600e+00
       -1.350010e+00         7.000491e-01
       -3.478317e-01        -1.221039e+00
       -4.728523e-01         1.197610e-01
        1.047069e+00        -1.029834e+00
        6.737971e-01        -5.104292e-01
       -9.621993e-01         1.044743e+00
       -3.657710e-01         1.178074e+00
        1.375715e+00         1.349869e+00
       -1.648428e+00         1.318210e+00
       -9.292566e-01         6.156861e-01
       -8.073506e-01        -2.252009e-01
        1.179876e+00         9.691642e-01
       -1.101602e+00        -1.630325e+00
       -6.708804e-01         1.050999e+00
       -2.054363e-01        -2.872203e-01
        9.828941e-02         1.550484e+00
        1.039153e+00         1.535598e+00
        1.388464e+00         1.350414e-01
        6.879869e-01         1.003747e+00
        1.376653e-01         1.527214e+00
       -9.256302e-01         1.494088e+00
        9.775357e-01        -6.692616e-01
        6.464290e-01         1.381572e+00
       -6.444611e-01        -4.849612e-02
       -7.887050e-01        -4.720095e-01
        1.229644e+00         3.502691e-01
       -1.749463e+00        -7.537036e-01
        1.303131e+00         6.631872e-01
        1.517033e+00        -1.386633e+00
       -8.849256e-01        -6.998374e-01
       -9.252235e-01        -1.442633e+00
        8.144040e-01         4.537079e-01
        1.406564e+00        -6.190390e-01
        3.541253e-01        -1.244930e+00
       -1.577539e-01         1.665138e+00
       -9.086709e-01        -1.180473e+00
       -3.657829e-01         6.371622e-01
       -2.692039e-01         2.940852e-01
        8.648561e-01        -9.343971e-01
        4.642666e-01        -2.952451e-02
        8.441912e-01        -8.330441e-01
       -8.741002e-01        -7.562166e-01
       -1.535805e-01        -9.505493e-01
        1.515022e+00        -4.359416e-01
       -6.491099e-01         1.017207e+00
       -6.107223e-01        -9.334737e-01
        7.510201e-01        -1.628386e+00
       -1.496805e-01        -5.975950e-01
        1.562492e+00        -4.039525e-01
        7.522887e-01         9.263120e-01
        7.794462e-01         1.043176e+00
       -5.935553e-01         1.515795e+00
        6.087402e-01         3.510759e-01
        3.122237e-01        -8.898294e-01
        4.181740e-01        -5.472776e-01
       -1.457337e+00         1.128418e+00
       -4.903598e-01         1.073194e+00
        1.612614e+00        -1.393285e+00
        1.476661e+00        -1.342849e+00
        1.230387e+00         7.115820e-01
        4.607094e-01         9.444618e-01
        1.365563e+00        -1.467173e+00
        5.563008e-01        -1.647952e+00
        1.067420e+00         1.629194e+00
        5.036335e-01        -6.982122e-02
       -1.159324e+00         1.628609e+00
       -1.375925e+00         2.921397e-01
       -3.038491e-01        -9.296029e-01
       -6.823365e-01         1.674674e+00
        5.346613e-02         3.634943e-01
        4.291664e-01        -1.654025e+00
       -1.645691e+00         3.043392e-01
        8.185626e-02         3.212257e-01
        8.123876e-01         4.675261e-02
       -1.232553e+00        -1.695979e-01
       -6.895826e-01         8.162028e-01
        1.418120e+00         3.062383e-01
       -1.090310e+00         9.229933e-01
       -6.548061e-01         2.178593e-01
        1.415423e+00         4.608250e-01
        1.280377e+00         1.462159e+00
       -2.713688e-01        -1.348247e+00
       -5.344328e-01         4.823904e-01
        1.791001e-02        -1.229965e-02
       -1.232454e+00         1.237252e+00
       -1.019852e-01        -1.039880e+00
       -1.088183e+00        -1.356904e+00
        1.252450e+00        -1.147653e+00
       -8.057582e-01        -2.965990e-01
       -5.621496e-02        -4.502917e-01
       -7.144673e-01        -1.629807e+00
       -1.004006e+00        -1.281832e+00
        6.313280e-01        -1.137612e+00
       -6.556505e-01        -1.151967e+00
        3.679975e-01         8.747326e-01
        8.731894e-01         6.705651e-01
       -4.862961e-01         1.331756e+00
        8.399442e-01         1.081906e+00
        3.471062e-01         7.349953e-01
       -1.079746e+00        -5.801301e-01
       -6.157785e-01        -1.478309e+00
        1.536988e+00        -2.098617e-01
        8.746788e-01        -1.396444e+00
        1.744645e+00        -8.903667e-01
        1.708757e+00         4.913757e-01
        1.152649e+00        -1.171500e+00
       -1.534444e+00         8.446613e-01
        7.834426e-01        -1.449015e+00
        1.143066e+00         1.733402e+00
       -5.855047e-01        -1.214803e+00
       -1.179293e+00         3.176593e-01
       -8.488151e-01         1.527477e+00
       -1.230955e+00        -1.613643e+00
       -2.172507e-01         7.290901e-01
       -6.335021e-01        -3.756875e-01
       -1.100949e+00        -1.207517e+00
       -4.953646e-01         1.314330e+00
       -6.662807e-01        -6.295591e-01
       -7.633923e-02         1.517458e+00
       -9.018628e-01         2.980473e-01
       -1.200941e+00         1.193891e+00
        7.875379e-01        -3.913741e-01
        6.244560e-01        -9.701607e-01
       -4.609729e-01         1.608052e+00
       -9.652001e-01         8.446553e-01
        5.270076e-01        -1.721161e+00
        1.293106e-01         5.114628e-01
       -2.221203e-01         3.937385e-01
        6.249467e-01         3.455973e-01
        9.443567e-01        -4.369683e-01
        3.057325e-01        -8.846424e-01
        4.486300e-01        -4.636266e-01
       -1.527450e+00         8.921682e-01
        1.442949e+00         1.390356e+00
       -1.144077e+00        -1.509423e+00
        8.588302e-01        -3.857377e-01
        5.489584e-01        -1.507667e+00
        1.107797e-01        -1.379584e+00
        4.368746e-01         1.093577e+00
        1.681786e+00        -1.445763e+00
       -8.762731e-01        -8.976400e-01
       -1.072649e+00        -5.850096e-01
       -8.221739e-01        -2.331629e-01
        2.277082e-01        -1.585853e+00
        1.266740e+00         1.163275e+00
       -1.573940e+00        -8.565208e-01
       -1.326575e+00        -9.904936e-01
       -1.273961e-02        -1.254011e+00
       -1.311742e+00        -1.552627e+00
       -5.375556e-01         8.696191e-01
        9.466533e-01        -9.726105e-01
        1.724949e+00         6.911211e-01
        8.357873e-01         1.155704e+00
       -4.726920e-01        -8.687062e-01
       -2.660796e-01         1.053176e+00
        5.551985e-01        -3.868555e-01
        4.830745e-01        -1.473703e+00
       -1.072966e+00        -2.298436e-01
        4.635550e-01         1.125658e-01
       -1.062864e+00        -4.875534e-01
        8.099486e-01         4.947984e-01
        1.353411e+00        -7.559083e-01
       -9.047716e-01        -3.427175e-01
       -1.224756e+00        -8.483461e-01
       -6.833063e-01         2.220054e-01
       -9.490213e-01        -9.878933e-01
        1.011032e+00         7.666014e-01
       -8.639711e-01        -1.411250e+00
        1.039834e-01         9.433599e-01
        1.143164e+00         1.004250e+00
       -7.019294e-02        -2.077277e-01
        9.727794e-01        -1.694408e-01
        1.146942e+00         9.553546e-01
       -1.629253e+00        -1.373725e+00
        8.496591e-01         1.107813e+00
       -7.242087e-01         1.435165e+00
       -5.812278e-01         1.137065e+00
        4.661000e-01         1.045573e+00
        1.346449e+00        -1.248817e+00
       -3.426986e-01         2.871435e-01
        4.288550e-01         7.096284e-01
       -1.417063e+00         1.140994e+00
       -5.719258e-01         8.502618e-01
       -1.170176e+00         1.128660e+00
       -7.843318e-01        -5.625683e-01
        9.570686e-01        -7.800130e-01
       -1.720521e-01         1.203666e+00
       -1.393817e+00        -1.253283e+00
       -1.812217e-01         7.677881e-01
        6.210859e-01        -4.125926e-01
       -1.480553e-01         1.868556e-01
       -1.766675e-01        -1.042443e+00
        2.367083e-01         9.470522e-01
        4.383313e-01        -1.343157e+00
       -1.765196e-01        -1.322140e+00
        1.021057e+00        -5.092551e-01
       -1.360899e+00         2.024001e-01
        1.267483e+00        -1.726349e+00
        3.189280e-01        -1.238961e+00
       -1.531709e+00        -3.381607e-01
       -8.185485e-01        -3.977376e-01
       -1.595489e+00        -1.638945e+00
        4.234339e-01        -1.021841e+00
       -1.276630e+00        -7.913823e-01
       -1.635856e+00        -8.503668e-01
       -1.251540e+00         1.029441e+00
       -9.170980e-02         1.656596e+00
       -1.595280e+00         1.355416e+00
       -5.962677e-01        -7.665085e-01
        2.662125e-01         1.616557e+00
        1.261953e-01         4.046775e-01
       -5.764351e-01         4.383584e-01
        9.808121e-01         1.458886e+00
        3.738284e-02         6.207853e-01
       -9.008751e-01        -8.796335e-01
        4.469520e-01        -1.586037e+00
       -8.459735e-01         8.358144e-01
        1.175150e+00        -6.092119e-01
       -9.622238e-01         8.753744e-01
        9.431785e-01         8.652134e-01
        9.531050e-01         1.947869e-01
       -1.698271e+00         1.609316e+00
       -7.910426e-01         5.351107e-01
        1.201410e+00        -1.559226e+00
        1.088287e+00        -8.341532e-01
        1.162521e+00        -9.060646e-01
        1.155263e+00        -9.052927e-01
        4.036309e-01        -1.513275e+00
        1.120976e+00         1.213237e+00
        3.347695e-01         6.105421e-01
       -1.121328e+00        -1.168927e+00
       -2.271431e-01         2.996305e-01
        1.690343e+00        -8.869969e-01
        7.126302e-01        -1.329852e-01
        1.266290e-01         1.508004e+00
       -5.419457e-01        -7.644436e-01
       -1.745151e+00         5.377142e-01
       -4.479538e-01        -1.652419e+00
       -1.235057e+00        -5.561902e-01
        1.545464e+00         1.414816e+00
       -2.364507e-01         9.056763e-01
        3.258194e-01        -2.491953e-01
       -8.112328e-01        -1.041287e+00
       -9.364488e-02         7.093743e-01
        1.243723e+00        -1.588865e+00
       -1.125031e+00         7.260959e-01
       -1.094415e+00        -1.510951e-01
       -4.210580e-01        -1.390991e+00
        4.859852e-01        -1.130250e+00
       -1.256983e+00        -1.200015e+00
        6.608640e-01        -1.500728e+00
       -6.517094e-01        -1.190168e+00
        8.529285e-01        -8.237157e-01
        7.596805e-01         1.185714e+00
       -1.522281e+00        -1.106106e+00
        1.177693e+00         1.394547e-01
       -9.034996e-01         1.677573e-01
        2.153497e-01         8.019137e-02
       -7.005737e-01        -4.523742e-01
       -5.633770e-01        -1.401672e-01
        5.653739e-01        -1.875492e-01
       -2.804998e-01        -9.104007e-02
        8.749647e-01         3.933898e-01
        1.271994e+00        -5.841871e-01
        4.503515e-01        -1.147427e+00
       -7.487188e-01        -1.140523e+00
        1.651975e+00        -9.866495e-01
       -1.450399e+00        -1.138834e+00
       -8.915803e-01        -8.470921e-01
       -1.425047e+00        -3.853801e-01
        1.255133e+00         1.222769e+00
        4.530435e-01        -8.905698e-01
       -1.388509e+00         2.363709e-01
        1.634814e+00        -7.545834e-01
        1.276822e+00        -2.291832e-01
        4.997893e-01         1.014758e+00
        8.248486e-01        -2.236334e-01
       -1.552937e+00         1.652848e+00
       -9.640329e-01         6.583428e-01
       -1.008464e+00        -2.316721e-01
        6.579947e-01         8.450121e-01
        1.097833e+00         1.231237e+00
       -8.178442e-01         7.678224e-01
        1.275238e-01        -4.494847e-01
       -8.056787e-01        -1.145061e+00
       -1.520753e-01        -1.485280e+00
        8.581293e-01         8.574761e-01
        9.487356e-01         3.894858e-01
       -6.824369e-01        -1.329624e+00
        1.573161e+00         1.341286e+00
       -8.730710e-01        -1.297931e+00
       -1.114496e+00        -2.465580e-01
       -1.336528e+00         1.309107e+00
       -8.165345e-01         4.429486e-01
       -5.073850e-01         3.041541e-02
        1.640528e+00        -9.545184e-01
       -3.190057e-01         3.607203e-01
       -1.627596e+00         7.961397e-01
        6.708248e-01        -5.738780e-01
        1.208333e+00        -2.581977e-01
        8.173812e-01         5.503936e-01
       -1.538024e-01        -1.433217e+00
       -2.525441e-01         5.142254e-01
        1.105268e+00        -9.052309e-01
        7.078751e-01         6.389342e-01
       -7.734823e-01         9.288528e-01
        1.547392e+00         3.701963e-01
        9.558795e-01         1.197359e+00
       -2.602152e-01         1.618163e+00
        3.800103e-01        -1.566171e+00
        9.828820e-01        -7.904133e-01
       -1.129318e+00         1.602013e+00
       -1.308028e+00         8.429786e-01
       -1.806376e-01        -6.163612e-01
        8.760060e-01        -1.676447e+00
        1.046309e+00        -1.574645e+00
        4.461241e-01        -7.762172e-01
        2.927813e-01         1.297033e+00
        5.091513e-01        -6.393628e-01
        1.577085e+00        -7.080290e-01
       -7.913701e-01        -4.251989e-01
       -1.340526e+00         7.800032e-01
       -3.830975e-01        -7.894617e-01
        1.076526e+00         6.270383e-01
        9.005472e-01         7.714367e-01
       -8.684334e-01        -1.561381e+00
        1.486979e+00        -3.118006e-01
       -1.180552e+00         7.012326e-01
        7.391261e-01         1.611556e+00
       -1.612290e+00        -3.363111e-01
       -5.581283e-01         2.054473e-01
        1.612324e+00         9.154589e-01
        1.228461e+00        -7.047311e-01
       -1.612401e+00        -1.401905e+00
       -5.560237e-01         1.542976e+00
       -1.541301e+00        -1.778247e-01
        1.191488e+00         1.032302e+00
        8.192633e-01        -6.899995e-01
       -8.194430e-01        -8.083331e-01
        6.364364e-01         4.564983e-01
       -1.064340e+00        -3.447825e-02
        9.606876e-01        -7.412684e-01
        6.807566e-01        -1.486524e-01
        9.768843e-01        -1.930829e-01
       -1.607466e+00        -1.428510e+00
       -1.645165e+00        -1.321550e+00
       -9.077804e-01         5.960129e-01
        3.140325e-01         5.168499e-01
       -1.074637e+00        -4.795995e-01
        1.009422e+00         1.506560e+00
        7.607998e-01         1.452548e+00
        1.403387e+00         7.196769e-01
       -1.065664e+00        -1.417658e+00
        3.360280e-01         1.633330e+00
        1.552557e+00         1.330642e+00
       -7.397693e-01         5.423113e-01
        9.467132e-01        -2.867032e-01
        9.062771e-01         6.480286e-01
        6.953138e-01        -6.351509e-01
       -1.064141e-01        -3.830740e-01
        5.542101e-01         2.046066e-01
        1.372635e+00         9.039614e-01
        5.083092e-01        -1.401948e+00
        1.361282e+00        -8.196957e-01
       -1.152379e+00         1.577582e+00
       -9.462042e-01        -9.907102e-01
       -1.320976e+00         1.140115e+00
       -8.226573e-01        -1.126848e-01
       -1.518374e+00        -1.287719e+00
       -4.538301e-01         1.418240e+00
       -1.794341e+00         6.103461e-01
       -8.002213e-01        -6.784170e-01
        1.228655e+00         1.342746e+00
        1.532567e+00        -1.994565e-03
       -1.669718e+00        -4.327337e-01
        1.095535e+00        -1.575866e+00
        6.959441e-01         1.296023e+00
        1.549266e+00        -1.616610e+00
       -8.090720e-01        -1.706895e+00
       -1.009846e-01         1.608094e+00
       -6.335385e-01         9.095529e-01
       -8.143642e-01         5.543691e-01
        1.685041e+00        -2.610187e-01
       -8.455768e-01         1.321275e+00
        1.038518e+00        -8.535334e-01
       -4.866706e-01        -5.001858e-01
        9.454053e-01         1.156700e+00
        3.034076e-01        -1.582193e+00
        1.154958e+00        -9.932577e-01
        1.519829e+00         2.817412e-01
       -1.610512e+00         4.702219e-01
       -9.120117e-01         3.514324e-01
        1.082715e+00        -4.990096e-01
        3.035105e-01         1.385698e+00
        2.403154e-01         6.652993e-01
        1.100795e+00         5.134720e-01
       -1.483514e-01         4.005009e-01
       -5.434543e-01        -8.737568e-01
       -1.562036e+00        -2.158027e-01
        4.133918e-02         9.893109e-01
       -8.890309e-01         1.450048e+00
       -1.091710e+00         6.884461e-01
        1.101500e+00         7.427101e-01
        1.103500e+00         6.478919e-01
        3.495131e-01         3.604983e-01
        6.540969e-01        -1.779558e-01
        4.361418e-01        -9.024657e-01
        1.451279e+00         1.563842e+00
       -8.348551e-01         8.434404e-01
       -1.549929e+00        -1.489285e+00
        9.167488e-01        -3.957163e-01
       -1.132157e+00         1.004338e-02
       -1.376831e+00        -1.306628e+00
        2.046783e-01         8.878851e-01
       -8.884248e-01         7.639832e-01
        1.478653e-01         1.432963e+00
       -3.485960e-01        -9.660833e-01
        1.117015e+00         5.140583e-01
       -2.065654e-01        -1.405949e+00
        7.877307e-01         1.322180e+00
       -3.679399e-01        -4.031661e-01
       -2.302669e-01         8.657420e-01
       -1.603326e+00        -9.854463e-01
       -1.481807e+00        -5.423634e-01
        1.038665e+00        -1.403566e+00
       -1.435195e+00         3.867160e-01
        3.943580e-01        -3.733779e-01
        1.389770e+00         1.069653e+00
       -1.309157e+00        -7.134883e-01
        6.700545e-01         8.922100e-02
        1.604515e+00         7.933972e-01
        8.760386e-01        -3.348679e-02
       -7.488936e-01        -1.722127e+00
        7.074920e-01         1.134464e+00
       -5.934583e-01        -9.560621e-01
        1.324674e+00        -8.072929e-01
        5.650287e-01         1.276413e+00
       -2.632162e-02        -6.669488e-01
       -1.643489e+00         1.353589e+00
        1.128364e+00         1.196631e+00
       -8.017468e-01        -3.047062e-01
       -1.303773e+00        -1.123314e+00
       -1.687353e+00        -5.396023e-01
        5.579348e-01        -5.582319e-01
       -9.376878e-01        -1.011909e+00
        1.405623e+00         7.523276e-01
        6.944079e-01        -4.863064e-01
        1.404979e+00         9.752536e-01
       -3.333657e-01         1.224496e+00
       -1.110047e+00        -1.624963e+00
        8.819419e-01         1.234622e+00
        1.182448e+00         1.362406e+00
        9.292967e-01        -6.077675e-01
        1.095997e+00        -1.277033e+00
       -8.446179e-01        -5.829804e-01
       -7.116043e-01        -1.315221e+00
       -2.028822e-01         1.207216e+00
       -2.477252e-01        -1.448364e+00
       -1.715445e+00         8.064683e-01
       -9.490615e-01        -1.561580e+00
       -5.739050e-01        -2.062753e-02
       -2.711900e-01         7.593212e-01
        1.496487e+00         1.173050e+00
        1.925071e-01        -1.136198e+00
        1.226249e+00        -2.541808e-01
        7.411415e-01         9.682826e-01
       -6.449549e-02        -9.316322e-01
        1.528959e+00        -1.039045e+00
       -5.923443e-01        -8.219550e-01
       -2.844797e-01        -2.339675e-01
       -6.640936e-01        -1.052785e+00
        1.027427e+00        -1.455430e+00
        1.091108e+00         6.344274e-01
       -8.805268e-01        -1.353404e+00
       -1.582098e+00         3.611222e-01
       -5.579276e-01        -5.490811e-01
       -1.408408e+00         5.458978e-01
        1.105454e+00        -2.369893e-01
       -6.320560e-01        -7.410964e-01
       -1.418433e+00         2.021097e-01
       -9.101791e-01         1.161940e+00
       -6.476020e-01        -4.744269e-01
       -1.260095e+00        -1.089955e+00
       -4.673065e-01        -6.933756e-01
        4.819699e-01        -6.653193e-01
       -1.043588e+00         1.154551e+00
        1.554695e+00         2.589515e-01
       -6.919120e-01        -7.182657e-01
        9.644282e-01         7.355821e-01
       -2.378812e-01        -1.410489e+00
       -1.649351e-01         6.959299e-01
        3.417314e-01        -9.084924e-01
       -1.577269e+00        -1.333327e+00
        1.016079e+00        -1.060861e+00
        3.927963e-01         1.086548e+00
       -8.148735e-01         5.533903e-01
        1.472358e+00         9.182154e-01
        1.719430e+00        -3.262308e-01
        6.388543e-01        -1.755582e+00
        1.090224e+00         8.202827e-01
        1.034337e+00        -1.708001e+00
        1.434754e-01        -4.660708e-01
        3.011323e-01        -9.043121e-01
       -7.974457e-01         5.048630e-01
        8.035480e-01         7.812488e-01
       -8.593800e-01        -1.522729e+00
        4.232382e-01        -1.596457e+00
        3.630156e-01        -1.733202e+00
       -8.870738e-01         1.593756e+00
       -1.169118e+00         9.875500e-01
       -7.187627e-01        -4.515763e-01
        9.879502e-01         5.325187e-01
       -1.507384e-01        -5.684118e-01
       -1.418937e+00         2.344123e-01
        3.762931e-01        -7.170653e-01
       -6.491950e-01         1.491113e+00
        2.701832e-01         1.557325e+00
       -4.681695e-01        -1.057256e+00
        1.343332e+00         2.075057e-01
        6.718725e-01         1.591262e+00
       -9.633755e-01         6.021792e-01
       -1.231842e+00        -9.978777e-01
        1.215201e+00        -6.713962e-01
        2.613987e-01        -6.225923e-01
       -1.558992e+00         2.624933e-01
       -6.773300e-01         2.737420e-01
       -7.681251e-01         7.701979e-01
        8.513438e-01        -1.324561e+00
        4.393162e-01         1.223400e+00
       -4.838402e-01        -1.551487e+00
       -1.280960e+00         6.031616e-01
       -5.203669e-01         7.920752e-01
       -1.363441e+00         1.151846e-01
        1.624374e-01         2.892210e-01
       -5.974977e-01         1.436695e+00
       -1.280989e+00        -2.995179e-01
       -5.168266e-01        -1.478715e+00
       -5.182839e-01        -1.326545e+00
        6.333441e-01         1.088901e+00
        3.647319e-01        -2.200062e-01
       -7.671973e-01        -1.358113e+00
        2.654283e-01        -6.145100e-01
        6.250169e-01        -9.127393e-01
        8.212205e-01         4.126452e-01
        9.144169e-01        -1.569955e+00
       -4.863042e-01        -5.039201e-01
       -1.583668e+00        -8.962911e-01
       -1.107077e+00        -8.557996e-01
       -6.441574e-01         8.774719e-01
        1.546523e+00        -8.653156e-01
       -1.182501e-01        -1.686349e+00
        9.507143e-02        -9.466328e-01
        1.498716e+00        -7.762202e-01
        9.750767e-01        -2.678801e-01
        8.101520e-01         1.483433e+00
       -1.516837e+00         1.347681e+00
        1.556385e+00        -1.449426e+00
       -1.399908e+00         1.580035e+00
       -8.750667e-01        -4.915252e-01
       -7.504979e-01        -7.602728e-01
        2.283629e-01        -1.283537e+00
       -1.685492e+00         1.013338e+00
       -9.743612e-01        -1.284445e+00
        1.015337e+00         7.928923e-01
        4.721314e-01         5.912904e-01
       -1.237854e+00         8.750457e-01
        6.066893e-01        -1.482181e-01
       -6.681788e-01         1.735781e+00
       -6.013268e-01        -1.327031e+00
       -5.171117e-02         8.464338e-01
        6.274966e-02        -8.278270e-01
        8.212257e-01        -5.121352e-01
        3.125455e-01         1.677537e-01
        9.071663e-01        -6.769605e-01
       -1.065434e+00         4.914487e-01
        3.647024e-01        -1.054436e+00
       -5.260778e-01         1.231349e+00
        1.404693e+00        -4.500802e-01
        1.380843e+00         4.361527e-01
       -1.108312e+00         8.217079e-02
       -1.470008e+00         9.910994e-01
        1.326572e+00         1.545908e+00
        1.971854e-01        -1.268225e+00
       -5.074370e-01         7.522608e-02
        1.209731e+00        -6.532669e-01
        6.406103e-01        -4.470795e-01
        1.017466e+00         1.202790e+00
       -5.206141e-01         1.470389e+00
        2.813477e-01        -1.155821e+00
       -3.629473e-01         6.596469e-01
       -7.140662e-01        -1.396235e+00
       -8.187900e-01         7.932733e-01
        2.949371e-01         1.751776e+00
       -3.521553e-01        -1.652726e+00
       -4.599857e-01         3.443878e-01
       -1.704452e+00        -7.264061e-01
       -2.611313e-01        -5.337127e-01
       -9.066535e-01        -9.522583e-01
        6.145211e-01        -2.451540e-01
       -7.540585e-01        -1.121641e+00
       -1.665254e+00         6.304845e-01
        5.810831e-01         8.686918e-01
        7.379358e-01        -9.934845e-01
        1.059352e+00         1.568770e+00
       -1.055300e+00        -9.778677e-02
       -3.153545e-01         9.644978e-01
       -7.826566e-01         1.026982e+00
       -9.849114e-01         1.394684e+00
       -8.560666e-01         1.240328e+00
        7.916802e-01        -4.425666e-01
        6.679893e-01         9.371233e-01
        1.604206e+00         5.323526e-01
       -8.694548e-01         1.056522e+00
       -1.255117e+00         1.208112e+00
        8.383246e-01         1.135778e+00
       -4.241742e-01         2.827630e-01
       -1.426060e-01         1.666086e+00
        9.783654e-01         1.799577e-01
       -4.615269e-01        -1.598333e+00
       -1.675336e+00        -1.174476e+00
       -9.982065e-01        -1.358844e+00
        1.624924e+00        -1.508878e+00
        9.164614e-01        -8.240914e-01
       -8.251787e-01         6.048298e-01
