       -1.206705e+00         2.237389e-01         3.372123e-01
        4.151891e-01        -1.538453e-01        -1.416615e+00
       -1.217135e+00         2.611550e-01         3.141794e-01
        3.790556e-01        -1.472326e-01        -1.418390e+00
        1.287968e+00        -8.086659e-01         1.251629e+00
        5.531807e-01        -3.461702e-01        -1.659013e+00
        1.193297e+00         4.073474e+00         4.044803e-01
        1.248974e+00         3.970839e+00         3.623840e-01
        1.030776e+00        -1.729348e+00         1.687477e+00
       -4.323734e-01        -1.089457e+00         8.321763e-01
        6.383147e-01        -3.290255e-01        -1.499575e+00
        4.041467e-01        -1.852409e-01        -1.366473e+00
       -1.159321e+00         2.069924e-01         2.987204e-01
        1.283290e+00        -6.963344e-01         1.272039e+00
        5.671145e-01        -3.533210e-01        -1.715035e+00
       -1.142836e+00         2.135954e-01         2.861032e-01
        1.253719e+00        -6.684321e-01         1.269424e+00
       -1.210946e+00         2.791258e-01         2.814345e-01
       -1.256109e+00         3.470223e-01         2.881509e-01
       -3.961145e-01         2.511622e-01        -5.669829e-01
        4.711509e-01        -2.986713e-01        -1.539432e+00
       -1.176033e+00         2.598399e-01         3.111757e-01
        2.069569e+00         3.805892e+00         6.581394e-01
        1.267666e+00         3.939162e+00         3.633944e-01
        3.206365e-01        -1.089203e-01        -1.288526e+00
        6.668567e-01        -3.703528e-01        -1.830420e+00
        4.276129e-01        -9.886939e-02        -1.439925e+00
       -1.081465e-01        -1.655407e-02        -7.728610e-01
        1.222394e-01        -2.482705e-01         1.859868e-01
       -1.150377e+00         1.417404e-01         3.565281e-01
        1.311683e+00        -7.932765e-01         1.201644e+00
        1.688150e-02        -1.185902e+00         4.271943e-01
       -2.141476e-01         6.419275e-02        -7.091423e-01
        3.675218e-01        -1.536385e-01        -1.310086e+00
        5.041582e-01        -2.641565e-01        -1.356702e+00
        4.533167e-01        -1.907172e-01        -1.238701e+00
       -1.237086e+00         2.572678e-01         3.175480e-01
       -1.160221e+00         1.899503e-01         3.240335e-01
        4.063282e-01        -1.838526e-01        -1.375988e+00
       -1.224190e+00         2.238810e-01         3.097203e-01
       -1.201176e+00         2.378571e-01         2.842243e-01
        1.211665e+00        -6.064135e-01         1.286414e+00
        1.197089e-01        -1.219323e+00         3.354554e-01
        5.273620e-01        -3.137530e-01        -1.388471e+00
       -1.156769e+00         2.068185e-01         3.286435e-01
        1.301491e+00        -8.813744e-01         1.228951e+00
        5.566288e-01        -2.840174e-01        -1.426245e+00
       -1.212288e+00         2.324724e-01         3.000431e-01
        5.063802e-01        -5.870617e-01         1.057763e+00
       -1.246891e+00         2.857987e-01         3.165570e-01
        4.439299e-01        -2.415429e-01        -1.442447e+00
        1.944204e-01        -1.895873e-01        -1.111614e+00
        6.715594e-01        -3.430026e-01        -1.492057e+00
        1.253546e+00        -7.043160e-01         1.222797e+00
        1.226059e+00         4.078692e+00         3.670594e-01
       -4.643841e-01         7.362512e-03        -3.108523e-01
       -1.188114e+00         1.826581e-01         3.303701e-01
       -3.011337e-01        -1.131651e+00         7.655742e-01
        4.746519e-01        -5.433057e-01         1.019613e+00
        4.387669e-01        -3.008303e-01        -1.320498e+00
       -1.197340e+00         2.002469e-01         3.482407e-01
        1.253511e+00         3.982938e+00         4.098168e-01
        4.384106e-01        -2.168116e-01        -1.444700e+00
        2.084727e+00         3.739073e+00         6.289635e-01
       -1.210241e+00         2.896687e-01         3.456083e-01
        1.203385e+00        -6.793290e-01         1.320479e+00
        3.666844e-01        -1.192277e-01        -1.463632e+00
        4.661616e-01        -2.145273e-01        -1.460195e+00
        1.253177e+00        -6.444157e-01         1.291429e+00
        5.106753e-01        -2.964498e-01        -1.653522e+00
        2.800554e-01        -2.112104e-01        -4.776570e-02
        4.840706e-01        -5.695233e-01         9.832978e-01
       -1.223948e+00         3.089403e-01         2.665498e-01
        4.851460e-01        -6.496310e-01         9.499317e-01
        4.827802e-01        -2.711741e-01        -1.529612e+00
       -1.173365e+00         2.341173e-01         3.011187e-01
       -1.140291e+00         2.034429e-01         3.372348e-01
        1.218937e+00        -6.921913e-01         1.264994e+00
       -3.747932e-02        -5.860996e-02        -7.834935e-01
        1.307362e+00        -8.069890e-01         1.242385e+00
        4.997185e-01        -2.424879e-01        -1.469681e+00
       -8.724856e-01         7.879789e-01         2.210810e-02
       -1.117025e+00         1.566149e-01         3.151855e-01
        5.281527e-01        -2.913369e-01        -1.456223e+00
       -1.187054e+00         2.446431e-01         2.475969e-01
        1.797959e-01        -2.258870e-01         9.269631e-02
       -1.168209e+00         2.137257e-01         2.990165e-01
        4.587886e-01        -2.563531e-01        -1.503266e+00
       -1.177888e+00         2.360568e-01         2.831235e-01
       -1.176590e+00         2.094355e-01         2.776129e-01
        1.307879e+00        -8.907459e-01         1.234444e+00
        4.346705e-01        -2.172784e-01        -1.507367e+00
        1.280416e+00        -7.522259e-01         1.278620e+00
        9.946332e-01        -1.678219e+00         1.678274e+00
       -5.370484e-01         3.766860e-01        -4.286617e-01
       -1.032201e-03        -4.291408e-02        -9.492925e-01
        1.239318e+00         3.927570e+00         4.432526e-01
        1.038362e+00        -1.679812e+00         1.642727e+00
        6.383124e-01        -3.305349e-01        -1.585625e+00
       -1.186295e+00         2.771851e-01         3.277068e-01
        5.779852e-01        -2.870030e-01        -1.457023e+00
        4.109969e-01        -1.571232e-01        -1.419122e+00
       -8.478877e-03        -6.866057e-02        -8.628691e-01
       -1.191175e+00         2.496374e-01         2.619192e-01
        4.797041e-01        -5.996729e-01         9.826496e-01
        1.319386e+00        -7.596080e-01         1.235978e+00
        4.576417e-01        -5.539230e-01         9.887479e-01
        5.146501e-01        -2.807994e-01        -1.529102e+00
        2.615447e-01        -2.434279e-01         5.933602e-02
       -1.187522e+00         2.937573e-01         2.724881e-01
        1.296610e+00        -7.421257e-01         1.229649e+00
        1.332767e+00        -8.323183e-01         1.236578e+00
        4.675924e-01        -2.019651e-01        -1.508206e+00
       -1.204206e+00         2.538496e-01         3.267030e-01
       -1.248964e+00         2.586806e-01         3.476228e-01
        4.822136e-01        -2.721443e-01        -1.495124e+00
        5.500564e-01        -2.440466e-01        -1.607700e+00
        1.336642e+00        -8.159865e-01         1.171142e+00
       -1.143046e+00         1.892896e-01         3.170274e-01
       -1.167458e+00         2.093237e-01         3.231366e-01
        1.005558e+00        -1.662049e+00         1.679460e+00
        4.383491e-01        -2.471995e-01        -1.372319e+00
       -1.174876e+00         2.166945e-01         2.739169e-01
        3.559979e-01        -1.545222e-01        -1.271727e+00
       -1.165048e+00         2.520494e-01         3.201997e-01
        1.306650e+00        -7.297487e-01         1.267163e+00
       -1.201584e+00         2.461641e-01         3.341119e-01
       -1.166611e+00         2.295562e-01         2.874539e-01
       -1.190501e+00         2.157379e-01         3.099942e-01
        4.228604e-01        -1.762060e-01        -1.408162e+00
       -1.032778e-01        -1.009594e+00         4.883605e-01
        4.659672e-01        -1.952328e-01        -1.476834e+00
        4.177118e-01        -3.712481e-01        -1.350906e-01
        1.275786e+00        -7.006999e-01         1.244496e+00
        5.622659e-01        -3.298066e-01        -1.403005e+00
       -1.258077e+00         2.744137e-01         3.425169e-01
        5.678080e-01        -3.291736e-01        -1.592632e+00
        4.602461e-01        -5.501704e-01         9.854192e-01
        1.312383e+00        -8.324873e-01         1.229089e+00
       -1.177268e+00         2.888837e-01         3.278138e-01
       -1.187300e+00         2.441451e-01         2.570244e-01
        3.849522e-01        -2.272039e-01        -1.310713e+00
        5.079967e-01        -2.740667e-01        -1.589455e+00
       -1.220114e+00         2.321794e-01         3.653824e-01
        2.392057e-01        -1.136601e-01        -1.185239e+00
       -1.224062e+00         2.228652e-01         3.705831e-01
        4.873911e-01        -5.705409e-01         1.009839e+00
        4.553259e-01        -1.909639e-01        -1.405699e+00
        1.289486e+00        -7.688766e-01         1.236821e+00
       -3.094354e-01         1.781970e-01        -6.157061e-01
       -1.244695e+00         2.850143e-01         3.316200e-01
        6.232840e-01        -3.469431e-01        -1.807828e+00
        5.264456e-01        -3.207573e-01        -1.553205e+00
        1.240244e+00        -7.176939e-01         1.317631e+00
       -1.287416e+00         2.921103e-01         3.121502e-01
       -1.173479e+00         2.531084e-01         2.860791e-01
       -1.182672e+00         2.415389e-01         2.841645e-01
       -8.919381e-01        -7.167763e-02         1.374473e-01
       -1.139782e+00         1.503678e-01         3.531555e-01
        5.368705e-01        -3.459796e-01        -1.593001e+00
       -1.234485e+00         2.808263e-01         3.000075e-01
        1.240300e+00         3.966580e+00         5.146326e-01
        1.243144e+00        -7.148308e-01         1.289916e+00
       -1.141631e+00         1.635247e-01         3.332754e-01
        1.271234e+00        -7.623110e-01         1.229655e+00
       -7.895441e-01         2.976360e-01        -1.229802e-01
        1.220244e+00        -7.241603e-01         1.304555e+00
        4.494127e-01        -2.189367e-01        -1.451328e+00
        5.287987e-01        -2.819169e-01        -1.530555e+00
        6.519244e-01        -3.797060e-01        -1.735345e+00
       -1.202125e+00         2.354330e-01         3.223435e-01
        1.380502e+00        -7.968166e-01         1.225525e+00
       -1.185146e+00         2.444201e-01         3.448164e-01
       -1.202652e+00         2.736530e-01         2.994923e-01
        5.228057e-01        -3.422358e-01        -1.512207e+00
        1.284651e+00        -8.232491e-01         1.345825e+00
        5.280156e-01        -3.412672e-01        -1.539223e+00
       -1.265165e+00         2.759183e-01         3.190961e-01
        5.689533e-01        -3.593606e-01        -1.658176e+00
        7.931303e-02        -1.141494e-01        -9.944732e-01
       -1.151436e+00         1.851616e-01         3.276015e-01
       -1.174397e+00         2.766402e-01         3.201950e-01
       -1.182481e+00         2.353286e-01         3.587491e-01
       -1.188602e+00         2.189931e-01         3.195642e-01
        5.039786e-01        -2.208299e-01        -1.336125e+00
       -7.287049e-02        -2.535156e-01         3.873587e-01
        7.633649e-01        -4.469005e-01        -1.893849e+00
       -1.983649e+00         7.830734e-01         1.128436e+00
        1.353651e-01        -1.601738e-01        -1.028058e+00
        3.267196e-01        -1.229989e-01        -1.296391e+00
       -4.510642e-02        -8.457040e-02        -8.382326e-01
       -1.177954e+00         1.769239e-01         3.118385e-01
        4.960433e-01        -5.813897e-01         1.036652e+00
        4.586477e-01        -5.525186e-01         1.042586e+00
       -1.165570e+00         2.581418e-01         3.133085e-01
        1.300902e+00        -6.789967e-01         1.195966e+00
        4.277159e-01        -5.221585e-01         1.028622e+00
       -1.196267e+00         2.327706e-01         3.305735e-01
        1.270516e+00        -7.155405e-01         1.248628e+00
       -1.106193e+00         1.795549e-01         3.028952e-01
        1.323682e+00        -7.378450e-01         1.259977e+00
       -1.232440e+00         3.026613e-01         3.595692e-01
       -1.219489e+00         2.409805e-01         3.033688e-01
       -1.190437e+00         2.088603e-01         3.153430e-01
        5.014015e-01        -3.088539e-01        -1.541079e+00
       -1.200798e+00         2.647292e-01         3.068708e-01
        5.486445e-01        -3.803775e-01        -1.620757e+00
        1.648302e-01        -2.429359e-01         9.939476e-02
       -1.190655e+00         2.392420e-01         2.831812e-01
       -1.222897e+00         2.789275e-01         3.176812e-01
        4.879990e-01        -2.789514e-01        -1.512370e+00
       -1.175061e+00         2.206741e-01         2.895579e-01
        4.850059e-01        -2.735539e-01        -1.537325e+00
       -3.957506e-01         6.879339e-03        -5.926084e-01
        5.243787e-01        -3.091060e-01        -1.593256e+00
        4.576852e-01        -5.301196e-01         1.048995e+00
        1.303549e+00        -8.110499e-01         1.215610e+00
       -1.208628e+00         2.232881e-01         3.008583e-01
        3.243560e-01        -1.595268e-01        -1.214479e+00
        1.227813e+00        -6.747871e-01         1.259692e+00
        3.363403e-01        -1.489004e-01        -1.307575e+00
        1.344513e+00        -8.582105e-01         1.233871e+00
       -7.854037e-01         4.348735e-01        -1.458896e-01
       -1.158431e+00         2.418545e-01         2.530088e-01
       -1.159041e+00         2.442268e-01         3.417459e-01
        6.071672e-01        -3.135794e-01        -1.434823e+00
       -1.150632e+00         1.588147e-01         3.378506e-01
       -1.182283e+00         2.656962e-01         3.125218e-01
       -1.243499e+00         2.506520e-01         3.342047e-01
        1.272828e+00        -6.905554e-01         1.213104e+00
        3.828353e-01        -2.117037e-01        -1.449293e+00
       -1.216706e+00         2.393183e-01         3.201199e-01
        5.442811e-01        -3.378227e-01        -1.631821e+00
        5.387616e-01        -3.028408e-01        -1.700571e+00
        5.918179e-01        -1.923789e-01        -1.604338e+00
       -1.212699e+00         1.898360e-01         3.092496e-01
        1.284507e+00        -7.509262e-01         1.201367e+00
       -1.220009e+00         2.493678e-01         2.832370e-01
       -1.217385e+00         2.672153e-01         3.057621e-01
       -1.344479e-01        -1.252716e+00         5.968611e-01
       -1.262746e+00         2.823108e-01         3.077969e-01
        1.294009e+00        -7.445667e-01         1.242480e+00
       -1.211533e+00         2.706113e-01         3.105215e-01
       -1.239931e+00         2.639035e-01         3.013671e-01
       -1.203518e+00         2.765843e-01         3.370723e-01
       -7.947073e-01         5.076919e-01        -1.601030e-01
        6.464785e-02        -1.453173e-01        -9.618786e-01
        5.157262e-01        -3.207333e-01        -1.551930e+00
        4.537555e-01        -5.483286e-01         1.092137e+00
        4.285301e-01        -1.819323e-01        -1.475682e+00
        5.170497e-01        -3.115289e-01        -1.533252e+00
        5.324150e-01        -1.901964e-01        -1.574109e+00
       -1.856626e+00         7.010349e-01         9.272108e-01
       -5.972867e-01        -2.657847e-02        -1.768714e-01
        4.901440e-01        -2.432649e-01        -1.496907e+00
       -1.163180e+00         1.735897e-01         3.191903e-01
        4.799072e-01        -6.175837e-01         9.002422e-01
        5.611391e-01        -4.437510e-01        -1.559748e+00
        1.291133e+00        -7.585077e-01         1.255368e+00
       -1.179621e+00         2.533979e-01         2.724413e-01
       -1.208608e+00         2.626965e-01         3.595209e-01
        1.069374e+00        -1.745188e+00         1.600028e+00
        1.319820e+00        -8.105682e-01         1.183102e+00
       -1.136942e+00         1.723976e-01         3.442952e-01
       -1.167609e+00         2.269741e-01         3.359124e-01
       -1.258403e+00         2.699470e-01         3.242251e-01
       -1.154055e+00         2.790682e-01         2.609025e-01
       -1.121830e+00         1.749640e-01         3.101681e-01
       -1.138801e+00         2.333036e-01         2.966785e-01
       -1.173000e+00         2.368391e-01         3.128517e-01
       -1.179924e+00         1.229315e-01         4.128155e-01
        3.499341e-01        -2.468928e-01        -1.246446e+00
       -1.166689e+00         2.119095e-01         3.512042e-01
       -2.414589e-01         4.957255e-05         5.452033e-01
        5.733773e-01        -3.229601e-01        -1.692948e+00
       -8.265452e-01        -1.099579e-01         3.020529e-02
        5.486169e-01        -3.260447e-01        -1.477098e+00
        4.749324e-01        -2.999394e-01        -1.380450e+00
        5.547304e-01        -3.269167e-01        -1.536920e+00
        1.363650e+00        -7.832942e-01         1.174448e+00
        5.180739e-01        -2.575659e-01        -1.631166e+00
        1.062185e+00        -1.644494e+00         1.616666e+00
        4.004622e-01        -1.864809e-01        -1.297238e+00
        1.265301e+00        -7.379182e-01         1.290335e+00
        1.262358e-01        -1.212870e+00         3.189695e-01
        5.566759e-01        -3.459095e-01        -1.503861e+00
        4.712727e-01        -6.257775e-01         9.600687e-01
       -1.162494e+00         1.792566e-01         2.918268e-01
       -5.094900e-01         3.060812e-01        -3.499419e-01
        5.157020e-01        -3.102057e-01        -1.556334e+00
       -1.173123e+00         2.339936e-01         3.582182e-01
        1.238141e+00         3.985251e+00         4.006794e-01
        4.627852e-01        -5.829236e-01         1.030095e+00
       -1.207529e+00         2.556456e-01         2.667145e-01
        1.905282e-01        -1.722906e-01        -1.149884e+00
        1.853242e-01        -2.999366e-01         1.458501e-01
        7.627590e-01        -4.341552e-01        -1.939717e+00
       -1.152098e+00         1.968733e-01         2.865948e-01
        4.547438e-01        -4.567361e-01         9.998668e-01
       -2.030886e-01        -7.332359e-02         4.773829e-01
       -1.169047e+00         2.048234e-01         2.756949e-01
        9.185639e-02        -1.178962e-01        -9.531348e-01
        7.362435e-01        -4.179219e-01        -1.906177e+00
       -1.237817e-01         3.102541e-02        -7.859957e-01
        5.562035e-01        -2.422670e-01        -1.379734e+00
       -1.178680e+00         2.129936e-01         2.751201e-01
        2.414056e-01        -1.407624e-01        -1.137614e+00
        2.110602e+00         3.758717e+00         6.617823e-01
        1.319641e+00        -7.809945e-01         1.226040e+00
        5.412531e-01        -3.120027e-01        -1.408591e+00
       -4.584515e-01        -9.429843e-01         8.956925e-01
       -1.175699e+00         2.194318e-01         2.839234e-01
        1.983745e+00         3.934594e+00         6.493786e-01
        1.237732e+00        -6.826139e-01         1.258256e+00
        2.794486e-01        -1.155199e-01        -1.113656e+00
        4.855055e-01        -5.823913e-01         1.023147e+00
       -1.184486e+00         2.099872e-01         2.842686e-01
       -1.149893e+00         1.015141e-01         3.096128e-01
        1.307870e+00        -7.232605e-01         1.224058e+00
        2.249315e-01        -1.776358e-01         2.569287e-02
       -1.235289e+00         2.611872e-01         3.302106e-01
        5.212305e-01        -2.648553e-01        -1.482881e+00
        1.368646e+00        -8.404304e-01         1.232482e+00
        6.761731e-01        -3.764216e-01        -1.812468e+00
       -7.741325e-02        -1.176204e+00         5.572997e-01
        6.307158e-01        -4.087829e-01        -1.725078e+00
       -1.152903e+00         1.564146e-01         3.475048e-01
       -1.180331e+00         1.931027e-01         3.060005e-01
       -1.219172e+00         2.703635e-01         3.409513e-01
        1.254314e+00         4.024683e+00         3.700291e-01
       -1.273878e+00         3.058377e-01         3.332100e-01
       -1.178168e+00         2.219950e-01         3.179146e-01
       -1.182929e+00         2.408935e-01         3.045115e-01
       -2.937219e-01         3.472863e-02         6.098614e-01
       -1.201626e+00         2.220584e-01         3.247689e-01
       -7.043967e-02        -9.784770e-02        -8.191785e-01
       -1.158856e+00         2.020758e-01         2.763304e-01
       -1.127048e+00         2.470403e-01         2.989999e-01
        3.403512e-01        -2.133274e-01        -1.194876e+00
        1.236750e+00        -6.421762e-01         1.288365e+00
        5.106600e-01        -6.606580e-01         9.103215e-01
        1.234182e+00         4.018999e+00         3.617695e-01
        5.522522e-01        -3.530015e-01        -1.486165e+00
        3.425004e-01        -2.250806e-01        -1.278116e+00
        4.988576e-01        -2.687833e-01        -1.616777e+00
        1.325591e+00        -8.011792e-01         1.295675e+00
       -1.229025e+00         2.607333e-01         3.196767e-01
       -1.157900e+00         2.227401e-01         3.228206e-01
       -1.222770e+00         2.854425e-01         2.874470e-01
        5.063812e-01        -3.003506e-01        -1.512881e+00
       -2.921284e-01        -1.085508e+00         7.718468e-01
        1.964097e+00         3.984003e+00         6.792072e-01
        5.719103e-01        -3.190258e-01        -1.733944e+00
       -1.223606e+00         2.203359e-01         2.764971e-01
       -1.188979e+00         1.956713e-01         2.886251e-01
       -1.189789e+00         2.087550e-01         2.906897e-01
        1.270989e+00        -7.516457e-01         1.252089e+00
        1.923180e-01        -1.622843e-01        -1.052732e+00
       -1.159897e+00         2.662388e-01         3.332409e-01
        5.736995e-01        -3.360062e-01        -1.491524e+00
        4.804834e-01        -6.132821e-01         1.046393e+00
        6.174320e-01        -3.740569e-01        -1.731072e+00
        1.276717e+00        -6.981532e-01         1.266153e+00
       -1.184222e+00         2.076086e-01         3.380164e-01
        1.262855e+00        -7.673433e-01         1.261921e+00
       -1.152426e+00         1.754354e-01         2.936378e-01
       -1.188405e+00         2.608916e-01         2.965369e-01
        4.070368e-01        -1.752109e-01        -1.328472e+00
        1.293790e+00        -7.670798e-01         1.232571e+00
       -1.222866e+00         2.645108e-01         3.299760e-01
       -1.247199e+00         2.789348e-01         3.252970e-01
        1.267660e+00         3.991056e+00         4.023373e-01
       -1.232496e+00         2.339937e-01         2.989776e-01
        1.360750e+00        -9.027912e-01         1.238060e+00
        1.616824e-01        -2.074673e-01         4.968433e-02
        1.280636e+00        -8.057909e-01         1.229114e+00
        5.328684e-01        -6.489731e-01         9.613339e-01
        4.991534e-01        -5.667204e-01         1.021731e+00
       -1.149004e+00         2.069786e-01         3.266118e-01
       -3.484756e-01        -1.099286e+00         7.687620e-01
        1.359031e+00        -8.419559e-01         1.219114e+00
        5.577922e-01        -2.868605e-01        -1.469587e+00
       -1.214538e+00         2.731516e-01         3.188416e-01
        5.059959e-01        -2.898984e-01        -1.559152e+00
        4.850517e-01        -5.963586e-01         9.029774e-01
        4.903574e-01        -2.810595e-01        -1.552689e+00
        2.082649e+00         3.786375e+00         6.577763e-01
        1.241675e+00        -6.597265e-01         1.245709e+00
        2.350550e-02        -1.154909e+00         4.235298e-01
        4.202239e-01        -1.966956e-01        -1.350265e+00
       -1.208902e+00         2.449613e-01         3.419607e-01
       -2.445785e-01         7.836111e-02        -6.541814e-01
        6.702189e-01        -2.824099e-01        -1.558886e+00
       -1.171970e+00         2.195546e-01         3.093350e-01
       -1.107771e+00         1.562146e-01         3.199243e-01
        1.316622e+00        -7.883567e-01         1.224824e+00
       -2.724374e-01         6.242781e-02         4.891988e-01
        1.098984e+00        -1.751108e+00         1.638113e+00
        1.306725e+00        -7.455070e-01         1.202581e+00
        5.438165e-01        -6.681085e-01         9.579602e-01
       -1.148898e+00         2.009949e-01         2.912728e-01
       -1.210364e+00         2.319268e-01         3.737219e-01
       -1.099108e+00         2.247050e-01         2.881031e-01
        1.364732e+00        -8.236806e-01         1.233720e+00
        4.913412e-01        -5.601839e-01         1.013197e+00
        4.806577e-01        -3.096470e-01        -1.487087e+00
        1.261835e+00        -6.971099e-01         1.255636e+00
       -4.915481e-01        -9.532943e-01         9.390031e-01
        9.524334e-01        -1.552469e+00         1.657878e+00
        4.747643e-01        -2.363823e-01        -1.485953e+00
       -1.224911e+00         2.236691e-01         2.881424e-01
       -1.230218e+00         2.275682e-01         3.532740e-01
        2.762491e-01        -2.962943e-02        -1.256627e+00
        1.252997e+00        -7.394550e-01         1.248322e+00
       -7.756890e-01         6.407969e-01        -1.976941e-01
       -1.121114e+00         1.210256e-01         3.574977e-01
        2.408644e-01        -1.339403e-01        -1.185239e+00
        4.145314e-01        -4.859819e-01         1.055313e+00
        1.288653e+00        -7.672345e-01         1.248567e+00
        5.207453e-01        -3.047658e-01        -1.566794e+00
        5.021624e-01        -3.247625e-01        -1.471563e+00
        1.313472e+00        -7.552649e-01         1.296906e+00
       -1.099812e+00         1.367314e-01         3.194860e-01
       -1.183359e+00         2.596264e-01         3.120733e-01
        1.351697e+00        -8.267226e-01         1.214940e+00
        3.183609e-01        -1.032044e-01        -1.114719e+00
        6.928044e-01        -3.575273e-01        -1.536906e+00
        5.606140e-01        -3.763629e-01        -1.655739e+00
       -1.206068e+00         2.555679e-01         3.149886e-01
       -1.222646e+00         2.756979e-01         3.252363e-01
       -1.253927e+00         3.090440e-01         2.903147e-01
        1.359987e+00        -8.954593e-01         1.226686e+00
       -1.172205e+00         1.930221e-01         3.376986e-01
        2.061943e+00         3.809138e+00         6.955673e-01
       -1.204138e+00         2.193360e-01         3.310835e-01
       -5.933033e-01         4.878398e-01        -3.325623e-01
        3.946616e-01        -2.490190e-01        -1.258010e-01
       -1.135635e+00         1.345855e-01         2.974996e-01
        1.244845e+00         3.947875e+00         4.478527e-01
       -1.160521e+00         1.516308e-01         3.185355e-01
        5.818123e-01        -2.851227e-01        -1.501374e+00
       -1.182689e+00         2.747819e-01         2.779447e-01
        4.253161e-01        -3.220242e-01        -9.865658e-02
       -1.248894e+00         2.751246e-01         3.181158e-01
       -1.113259e+00         1.136683e-01         3.232544e-01
        4.518984e-01        -2.633990e-01        -1.311086e+00
        6.424734e-01        -3.650622e-01        -1.798226e+00
       -1.175464e+00         1.541413e-01         3.758038e-01
        3.867593e-01        -2.210623e-01        -1.330162e+00
        3.860666e-01        -1.179292e-01        -1.145806e+00
        6.049360e-01        -3.507396e-01        -1.767548e+00
        4.935696e-01        -5.839669e-01         9.736165e-01
        4.204841e-01        -2.315430e-01        -1.393528e+00
       -1.163632e+00         1.903776e-01         3.356331e-01
        1.241781e+00        -6.681117e-01         1.277308e+00
       -4.298050e-01        -7.001234e-02        -3.830010e-01
        6.513328e-01        -3.237490e-01        -1.527573e+00
        5.769535e-01        -3.619331e-01        -1.656097e+00
       -4.076937e-01        -1.221173e-01        -3.281947e-01
        1.313571e+00        -8.063476e-01         1.222117e+00
       -1.196293e+00         1.437354e-01         3.542935e-01
       -1.151106e+00         1.689942e-01         3.459792e-01
        6.103544e-01        -3.216646e-01        -1.756172e+00
       -1.196965e+00         2.388431e-01         3.307336e-01
        6.298178e-02        -6.993863e-02        -9.595647e-01
       -4.722163e-02        -1.120563e+00         4.246738e-01
       -1.203365e+00         1.943305e-01         3.191777e-01
       -4.624311e-01        -3.835427e-02        -5.648085e-01
       -6.172494e-01         2.821776e-02        -3.549486e-01
       -1.139941e+00         1.995952e-01         3.247423e-01
       -1.191806e+00         2.367553e-01         3.154123e-01
       -1.166123e+00         1.744434e-01         3.224537e-01
       -1.235569e+00         2.438255e-01         3.267249e-01
        2.053172e+00         3.782365e+00         6.107716e-01
       -2.873265e-01         1.940871e-01        -5.442931e-01
       -5.791742e-01         6.790279e-02        -3.688571e-01
       -4.073560e-01         7.021659e-03        -5.970857e-01
       -1.190893e+00         2.930985e-01         2.868014e-01
        3.082073e-01        -9.328998e-02        -1.187598e+00
       -1.122278e+00         1.387763e-01         3.802962e-01
       -1.133333e+00         1.506600e-01         3.152700e-01
        5.179564e-01        -2.871074e-01        -1.552818e+00
        5.132921e-01        -3.371054e-01        -1.418639e+00
        5.819772e-01        -3.795906e-01        -1.666596e+00
        1.251432e+00        -8.169149e-01         1.209472e+00
        2.101545e+00         3.859861e+00         6.251713e-01
        5.331646e-01        -2.721157e-01        -1.445472e+00
       -1.158453e+00         1.755937e-01         3.182776e-01
        4.938219e-01        -5.946137e-01         1.018571e+00
       -1.172525e+00         2.274972e-01         3.486285e-01
       -1.172331e+00         2.076150e-01         3.563212e-01
       -1.145155e+00         2.071814e-01         3.174324e-01
        5.247151e-01        -3.130452e-01        -1.475677e+00
        1.314171e+00        -7.553903e-01         1.288614e+00
        3.375613e-01        -2.558254e-01        -8.176684e-02
        1.516203e-01        -4.324909e-02        -1.111217e+00
       -1.150429e+00         2.032984e-01         2.882135e-01
        6.434218e-02        -1.150958e+00         3.481940e-01
        3.582342e-01        -1.063798e-01        -1.294147e+00
       -1.195887e+00         1.445477e-01         3.684300e-01
        4.454719e-01        -2.658622e-01        -1.367875e+00
       -1.199139e+00         1.917601e-01         3.527783e-01
       -1.163646e+00         2.296306e-01         2.952406e-01
       -5.167631e-01         3.083531e-01        -3.449311e-01
        5.155198e-01        -6.621531e-01         9.640477e-01
        1.021398e+00        -1.713332e+00         1.671083e+00
       -1.077125e+00         1.023791e-01         3.137914e-01
        7.286060e-01        -4.733064e-01        -1.853252e+00
        1.222274e+00        -7.001491e-01         1.274135e+00
       -1.183312e+00         1.978592e-01         3.392789e-01
       -1.198893e+00         2.243758e-01         3.238598e-01
        7.312862e-03        -1.124360e+00         3.670813e-01
       -1.166827e+00         2.525076e-01         2.667499e-01
       -1.216362e+00         3.077158e-01         3.024248e-01
        1.697782e-01        -2.102335e-01         8.582532e-02
       -1.198910e+00         2.601562e-01         3.252749e-01
        4.906338e-01        -2.844055e-01        -1.609929e+00
       -1.197480e+00         2.099215e-01         3.318864e-01
        4.201615e-01        -2.735514e-01        -1.315109e-01
        5.244532e-01        -3.650828e-01        -1.596706e+00
        1.233124e+00         4.039803e+00         3.864079e-01
       -4.601325e-01        -5.105394e-02        -4.335636e-01
       -5.457877e-01        -4.079436e-02        -3.710210e-01
       -1.176430e+00         2.138514e-01         3.222207e-01
        4.079102e-01        -2.046044e-01        -1.387703e+00
        4.509409e-01        -2.217950e-01        -1.465345e+00
        1.025560e+00        -1.689606e+00         1.675567e+00
       -1.159652e+00         1.978012e-01         3.187867e-01
        5.697034e-01        -2.828544e-01        -1.523998e+00
        8.206262e-02        -1.130178e+00         2.800773e-01
        4.784637e-01        -6.200943e-01         9.009324e-01
        3.809566e-01        -1.953536e-01        -1.292129e+00
        3.425896e-01        -2.041677e-01        -1.092197e-01
       -1.223707e+00         2.481018e-01         3.364760e-01
       -1.170996e+00         2.357326e-01         3.072661e-01
        5.442542e-01        -3.430446e-01        -1.537744e+00
        5.281090e-01        -2.432719e-01        -1.264050e+00
       -1.177469e+00         2.850241e-01         2.661486e-01
        1.237435e+00        -7.129830e-01         1.290340e+00
       -1.191471e+00         2.549540e-01         3.477158e-01
        5.242103e-01        -3.582246e-01        -1.514324e+00
        5.211136e-01        -6.843124e-01         9.786268e-01
        3.975465e-01        -3.202028e-01        -1.288297e+00
        1.054865e+00        -1.649287e+00         1.622282e+00
        1.377401e+00        -8.413670e-01         1.182088e+00
        1.252339e+00        -7.129437e-01         1.238788e+00
       -1.172345e+00         2.130930e-01         3.189543e-01
        5.169912e-01        -2.942169e-01        -1.507278e+00
        3.736738e-01        -1.697501e-01        -1.368464e+00
        5.768921e-01        -3.832856e-01        -1.670566e+00
       -5.256209e-01        -9.282183e-01         8.689574e-01
        3.714321e-01        -3.075968e-01        -9.009681e-02
        1.200239e+00        -6.848557e-01         1.310490e+00
       -1.147230e+00         1.665838e-01         3.293560e-01
       -1.258191e-01        -1.064586e+00         4.749779e-01
        1.010821e+00        -1.666626e+00         1.631937e+00
        4.846100e-01        -3.669845e-01        -1.459124e+00
       -1.265468e+00         2.901392e-01         3.271764e-01
        5.087512e-01        -3.350959e-01        -1.490557e+00
       -1.153279e+00         1.901745e-01         3.096052e-01
       -1.212378e-01         6.940296e-03        -8.071677e-01
        2.061601e+00         3.839845e+00         6.066477e-01
        4.226562e-01        -3.491963e-01        -1.292765e+00
        5.205650e-01        -3.698176e-01        -1.491203e+00
        5.728439e-01        -3.676259e-01        -1.668875e+00
        1.982203e+00         3.831132e+00         7.429566e-01
        2.208601e-01        -1.666898e-01        -1.136574e+00
        2.754050e-01        -3.482740e-01         6.797275e-02
        1.300616e+00         3.853260e+00         2.871433e-01
        4.754613e-01        -5.733251e-01         1.009189e+00
        2.041086e+00         3.844872e+00         7.046217e-01
        1.269480e+00        -6.355887e-01         1.271613e+00
        4.625965e-01        -1.621463e-01        -1.197146e+00
        3.393581e-01        -2.187151e-01        -1.265811e+00
        1.297287e+00        -7.935112e-01         1.219759e+00
        4.443394e-01        -2.324023e-01        -1.487133e+00
       -1.195305e+00         1.626412e-01         3.417411e-01
        1.328691e+00        -8.530695e-01         1.245384e+00
       -1.169876e+00         1.933191e-01         2.995086e-01
        1.231794e+00        -6.760704e-01         1.272194e+00
        1.040789e+00        -1.693275e+00         1.650333e+00
       -7.765518e-01         3.691885e-01        -2.143147e-01
       -1.205113e+00         2.430378e-01         3.161701e-01
        5.772677e-01        -3.472781e-01        -1.710516e+00
        3.433173e-01        -1.883551e-01        -6.904203e-02
       -1.246537e+00         3.018550e-01         3.031580e-01
        5.199616e-01        -3.158860e-01        -1.416904e+00
       -1.265826e-02        -1.117997e+00         3.860923e-01
        1.198584e+00        -6.807665e-01         1.232108e+00
        6.118424e-01        -3.640998e-01        -1.721550e+00
        4.772411e-01        -1.774675e-01        -1.492006e+00
       -1.227736e+00         2.533117e-01         3.179216e-01
       -1.229010e+00         2.251570e-01         3.088875e-01
        2.683510e-02         1.000803e-02        -8.026304e-01
        5.278379e-01        -3.622548e-01        -1.507235e+00
        5.264128e-01        -3.421154e-01        -1.577553e+00
       -1.203667e+00         2.913873e-01         2.579395e-01
       -1.235292e+00         2.625060e-01         3.095687e-01
        1.320792e+00        -8.114031e-01         1.252601e+00
        5.689389e-01        -3.834203e-01        -1.582272e+00
       -6.896492e-01         3.836612e-01        -1.602059e-01
        4.578800e-01        -2.328096e-01        -1.592211e+00
        2.079129e+00         3.757049e+00         6.422359e-01
       -1.171508e+00         2.197279e-01         2.915025e-01
       -1.209456e+00         2.017382e-01         3.698822e-01
        3.845889e-01        -1.829325e-01        -1.443203e+00
        1.001347e+00        -1.634704e+00         1.656724e+00
       -1.175978e+00         2.183982e-01         2.966624e-01
        4.000750e-01        -1.795663e-01        -1.399133e+00
        5.490700e-01        -2.595616e-01        -1.592936e+00
       -1.189318e+00         2.776269e-01         2.504422e-01
        2.423128e-01        -6.508809e-02        -1.044864e+00
       -1.170991e+00         1.753014e-01         3.287436e-01
       -5.737246e-01        -8.422825e-01         1.070655e+00
        1.247752e+00        -6.790442e-01         1.265925e+00
        5.270372e-01        -2.889518e-01        -1.516255e+00
       -1.205174e+00         2.390162e-01         3.439394e-01
        1.363591e+00        -7.836762e-01         1.185789e+00
        1.691416e-01        -2.734949e-01         1.235506e-01
       -1.136373e+00         1.723423e-01         2.674654e-01
        5.294884e-01        -3.236786e-01        -1.544796e+00
       -5.226521e-01         3.767649e-01        -3.700426e-01
        5.103571e-01        -6.485629e-01         9.475928e-01
        2.121187e+00         3.749724e+00         6.204402e-01
        1.223524e+00        -6.735596e-01         1.314131e+00
        5.387671e-01        -3.425212e-01        -1.546839e+00
        1.264205e+00        -7.265429e-01         1.270905e+00
       -1.846396e-01         1.203814e-01        -6.621083e-01
        5.030617e-01        -2.927211e-01        -1.590664e+00
       -1.201650e+00         2.273660e-01         4.065522e-01
        2.044581e+00         3.813884e+00         6.898486e-01
        2.662939e-01        -1.216207e-01        -1.104535e+00
        5.365999e-01        -3.880496e-01        -1.562427e+00
       -1.147043e+00         1.398025e-01         3.303956e-01
        1.293597e+00        -8.321280e-01         1.253939e+00
       -1.187537e+00         1.827154e-01         3.244837e-01
        1.286896e+00         3.926259e+00         3.357963e-01
        1.236112e+00        -7.539035e-01         1.307808e+00
       -1.155509e+00         1.599377e-01         3.169168e-01
        4.634876e-01        -2.627010e-01        -1.441280e+00
        4.480563e-01        -3.108763e-01        -1.480472e+00
       -1.199845e+00         2.031477e-01         3.236670e-01
        6.972662e-01        -3.545508e-01        -1.530185e+00
       -1.119019e+00         2.223762e-01         2.368362e-01
       -3.304351e-03        -1.118135e+00         4.424072e-01
       -1.193725e+00         1.608788e-01         3.419292e-01
       -1.201342e+00         2.477747e-01         3.096359e-01
        1.342786e-01        -1.237082e-01        -1.101157e+00
        1.270965e+00        -7.608043e-01         1.224304e+00
       -1.117173e+00         1.615456e-01         2.781591e-01
       -1.139650e+00         2.269965e-01         2.831221e-01
       -1.185747e+00         2.456042e-01         3.350078e-01
        4.284200e-01        -1.986866e-01        -1.282709e+00
       -1.153629e+00         1.889534e-01         2.996609e-01
        4.701744e-01        -5.830274e-01         1.051180e+00
        4.828062e-01        -5.768524e-01         1.040009e+00
       -2.742031e-01        -1.487255e-02         5.883567e-01
       -7.946142e-02        -1.088507e+00         4.376890e-01
        5.924478e-01        -3.555739e-01        -1.688262e+00
       -1.243693e+00         2.608295e-01         3.441120e-01
       -1.202201e+00         2.736311e-01         3.066635e-01
       -1.977974e+00         7.522395e-01         1.164000e+00
        1.288615e+00        -7.841868e-01         1.317901e+00
        1.004798e+00        -1.577415e+00         1.664834e+00
       -1.212553e+00         2.057951e-01         3.340407e-01
        5.541651e-01        -3.169390e-01        -1.461761e+00
        5.879097e-01        -4.134666e-01        -1.649313e+00
       -1.169579e+00         2.700905e-01         2.940247e-01
        1.316043e+00        -7.725536e-01         1.187151e+00
        4.356205e-01        -2.610808e-01        -1.339129e+00
       -1.223370e+00         3.060809e-01         2.694238e-01
        2.273056e-01        -2.270586e-01        -1.104992e+00
       -1.230232e+00         2.867026e-01         3.501898e-01
        2.031754e+00         3.798871e+00         6.580716e-01
       -1.199539e+00         2.562770e-01         3.448213e-01
        3.515234e-01        -2.332856e-01        -1.309952e-01
       -1.122861e+00         2.084758e-01         3.077014e-01
       -2.944377e-01         2.346750e-02        -7.616157e-01
       -1.160387e+00         2.033592e-01         2.976277e-01
        1.264002e+00        -6.918054e-01         1.270817e+00
        5.472039e-01        -2.946776e-01        -1.584651e+00
        4.536779e-01        -3.013624e-01        -1.370698e+00
       -1.171005e+00         2.341818e-01         3.066083e-01
        4.995993e-01        -2.707141e-01        -1.533573e+00
        2.790059e-01        -2.405609e-01        -1.127328e+00
        4.819931e-01        -5.899590e-01         1.035283e+00
       -1.203391e+00         2.529712e-01         3.153867e-01
       -1.152336e+00         2.132856e-01         2.922335e-01
       -1.203386e+00         1.849884e-01         4.055253e-01
        4.550627e-01        -4.910089e-01         9.935036e-01
        5.296197e-01        -2.081344e-01        -1.577499e+00
       -1.217620e+00         1.975273e-01         3.316127e-01
       -7.687509e-02        -3.430993e-02        -7.887948e-01
       -8.457819e-01         4.517636e-01        -1.090658e-01
        1.269314e+00        -7.513468e-01         1.297671e+00
       -1.143464e+00         1.432129e-01         3.449408e-01
       -1.235358e+00         2.370765e-01         3.096761e-01
       -1.178181e+00         2.057561e-01         3.071535e-01
        1.259214e+00         3.984999e+00         3.767813e-01
        1.275138e+00        -8.009426e-01         1.288980e+00
       -1.220913e+00         2.470206e-01         3.260534e-01
       -1.129546e+00         1.709788e-01         3.022855e-01
       -1.149482e+00         2.239100e-01         2.939533e-01
        7.270527e-01        -4.260385e-01        -1.882031e+00
       -1.198800e+00         2.583410e-01         3.366599e-01
        1.228617e-01        -1.358066e-01        -9.939476e-01
        5.040504e-01        -2.734552e-01        -1.486522e+00
       -1.073441e+00         1.080892e-01         3.025676e-01
        4.477414e-01        -1.215095e-01        -1.504649e+00
        3.402741e-01        -1.828418e-01        -1.089609e+00
        1.000611e+00        -1.542814e+00         1.623454e+00
        4.436902e-01        -2.635446e-01        -1.480224e+00
        5.323608e-01        -2.726765e-01        -1.402770e+00
        4.453376e-01        -2.532287e-01        -1.334762e+00
        4.894377e-01        -1.896874e-01        -1.568323e+00
        2.071634e+00         3.780144e+00         6.531793e-01
        1.344697e+00        -8.763838e-01         1.233387e+00
        1.282481e+00        -7.613654e-01         1.235883e+00
        4.619757e-01        -2.400544e-01        -1.481096e+00
       -1.214154e+00         2.393271e-01         3.306425e-01
        2.056033e+00         3.825652e+00         6.871906e-01
        1.250666e+00        -6.995389e-01         1.288552e+00
        1.280475e+00        -6.754787e-01         1.203900e+00
       -1.159162e+00         1.323090e-01         3.408622e-01
        1.285016e+00        -6.788439e-01         1.250775e+00
        7.528354e-01        -4.241773e-01        -1.936578e+00
        4.538659e-01        -5.378257e-01         1.047822e+00
       -1.209439e+00         2.621020e-01         3.208200e-01
       -1.239106e+00         2.660902e-01         3.202094e-01
       -1.176553e+00         2.440656e-01         3.242500e-01
       -1.184946e+00         1.859691e-01         3.473318e-01
       -1.255603e+00         3.053092e-01         2.582556e-01
        1.305620e+00        -7.504222e-01         1.226245e+00
        1.292845e+00        -6.979081e-01         1.287483e+00
        2.066081e+00         3.821908e+00         6.176198e-01
       -1.233972e+00         2.817047e-01         3.325208e-01
        1.298526e+00        -7.716255e-01         1.178181e+00
       -1.166155e+00         2.625072e-01         3.129432e-01
        1.026091e+00        -1.595291e+00         1.696345e+00
       -1.122819e+00         1.682972e-01         3.249652e-01
        9.879787e-01        -1.658003e+00         1.675848e+00
       -1.096014e-01        -3.261712e-02        -8.082792e-01
        2.095180e+00         3.764936e+00         6.813597e-01
        6.616405e-01        -3.735750e-01        -1.457375e+00
        1.284426e+00        -7.444229e-01         1.200672e+00
       -1.197845e+00         2.906167e-01         2.795826e-01
        4.518261e-01        -5.836631e-01         1.058405e+00
       -1.156419e+00         2.047016e-01         3.260428e-01
        5.807165e-01        -3.784442e-01        -1.362983e+00
       -1.230992e+00         2.360045e-01         2.970960e-01
        6.240111e-01        -2.715814e-01        -1.749406e+00
       -1.228496e+00         2.837715e-01         3.087886e-01
       -1.223060e+00         2.333275e-01         2.980176e-01
       -1.154381e+00         2.085316e-01         3.308219e-01
       -1.190956e+00         3.300380e-01         2.476547e-01
       -7.860282e-01        -5.406199e-02         1.992456e-02
        4.138006e-01        -3.566874e-01        -1.209760e+00
        1.084890e+00        -1.731213e+00         1.607276e+00
        5.078080e-01        -6.657654e-01         1.008781e+00
        6.863024e-01        -3.904631e-01        -1.897858e+00
        4.824664e-01        -5.725808e-01         1.054283e+00
       -1.154629e+00         2.707012e-01         2.270750e-01
        1.231513e+00        -7.534596e-01         1.276631e+00
       -1.138411e+00         2.308513e-01         3.117070e-01
        6.651023e-01        -3.570503e-01        -1.548531e+00
        1.265714e+00        -7.444718e-01         1.311031e+00
        4.882623e-01        -3.366651e-01        -1.470287e+00
       -1.149345e+00         1.999529e-01         2.999130e-01
        4.310579e-01        -5.003907e-01         1.028356e+00
        1.190763e+00        -6.358488e-01         1.303210e+00
        1.270334e-01        -1.068011e-01        -1.055957e+00
       -1.135320e+00         2.078671e-01         3.086224e-01
        1.257946e+00        -7.497703e-01         1.235960e+00
       -3.817239e-01         1.990954e-01        -5.915577e-01
        1.283323e+00        -7.313188e-01         1.302267e+00
        6.304780e-01        -2.825858e-01        -1.542852e+00
        1.194609e-01        -1.000702e-01        -1.049705e+00
       -1.186307e+00         2.274184e-01         3.011280e-01
       -2.412936e-01        -1.106968e+00         6.899124e-01
        1.297375e+00        -7.183963e-01         1.236714e+00
        1.295472e+00        -7.410591e-01         1.221172e+00
       -2.386117e-01         2.046825e-02         5.711213e-01
       -1.155300e+00         1.819289e-01         2.847945e-01
       -1.191769e+00         1.611765e-01         3.459975e-01
        1.250662e+00         4.000242e+00         3.752002e-01
        3.575403e-01        -2.589371e-01        -8.012529e-02
        1.281966e+00        -6.899167e-01         1.281705e+00
        5.977787e-01        -3.359902e-01        -1.762764e+00
        6.522151e-01        -3.762074e-01        -1.755798e+00
        1.340449e+00        -8.121398e-01         1.195198e+00
        1.210795e+00         4.068706e+00         4.198996e-01
        4.419579e-01        -2.800461e-01        -1.359268e+00
       -1.148077e+00         1.852705e-01         3.255965e-01
        5.973375e-01        -2.761147e-01        -1.488668e+00
       -1.192343e+00         2.128596e-01         3.447334e-01
       -1.949967e+00         6.976636e-01         1.035030e+00
        2.073380e+00         3.821446e+00         6.438645e-01
       -1.214382e+00         2.432171e-01         3.105804e-01
        2.027239e+00         3.856124e+00         6.215303e-01
       -5.426600e-02        -1.360157e-03        -8.035594e-01
       -4.161746e-01        -1.117959e+00         8.528696e-01
       -1.157712e+00         1.824593e-01         3.710064e-01
        1.267764e+00         3.979980e+00         4.190915e-01
        3.654551e-01        -2.127187e-01        -6.960612e-02
        4.198684e-01        -2.184856e-01        -1.423120e+00
        1.304225e+00        -7.326496e-01         1.244656e+00
        1.262363e+00         3.939622e+00         3.956629e-01
        6.326696e-02        -1.079467e+00         3.357317e-01
       -1.249828e+00         3.051687e-01         3.096665e-01
       -1.184783e+00         1.823075e-01         2.985875e-01
        2.056839e+00         3.766103e+00         6.664540e-01
       -1.204174e+00         3.315278e-01         2.598108e-01
        1.262741e+00        -7.587792e-01         1.216436e+00
        4.740829e-01        -2.078932e-01        -1.593080e+00
       -1.201358e+00         1.990605e-01         3.412082e-01
       -1.182568e+00         2.037732e-01         3.564857e-01
       -1.199641e+00         2.457688e-01         3.308633e-01
        4.208670e-01        -2.244406e-01        -1.455127e+00
        4.804014e-01        -5.400933e-01         9.459917e-01
        1.315728e+00        -7.411607e-01         1.196493e+00
        1.214051e+00         4.104704e+00         4.004018e-01
       -1.214310e+00         2.205797e-01         3.301213e-01
       -1.173712e+00         2.124333e-01         3.079821e-01
       -1.168183e+00         2.098605e-01         3.057917e-01
        5.072561e-01        -2.955504e-01        -1.567131e+00
        1.193106e+00        -6.902193e-01         1.289874e+00
        5.080078e-01        -3.276486e-01        -1.525067e+00
       -1.996873e+00         8.207479e-01         1.174712e+00
        5.014505e-01        -3.679547e-01        -1.476129e+00
        1.290000e-01        -2.118569e-01         9.701546e-02
       -1.195211e+00         2.225394e-01         3.377964e-01
        1.288598e+00        -7.684988e-01         1.278467e+00
        7.109974e-01        -4.135094e-01        -1.520196e+00
       -1.177569e+00         1.771144e-01         3.127076e-01
        4.942036e-01        -5.456414e-01         9.897330e-01
       -1.158761e+00         2.172102e-01         3.132037e-01
       -1.199802e+00         2.266939e-01         3.132176e-01
        5.439391e-01        -6.593507e-01         8.986786e-01
       -1.191621e+00         1.735132e-01         3.265187e-01
        1.307984e+00        -7.655393e-01         1.246400e+00
       -1.179296e+00         1.931685e-01         3.312729e-01
       -1.137827e+00         2.501791e-01         3.177721e-01
       -1.187232e+00         1.983832e-01         3.338717e-01
       -1.206326e+00         2.305803e-01         3.815603e-01
       -1.208796e+00         2.360262e-01         3.221477e-01
        1.325314e+00        -7.696949e-01         1.247621e+00
        1.336233e+00        -8.193444e-01         1.216453e+00
        4.223054e-01        -2.101747e-01        -1.459160e+00
       -1.181647e+00         2.112557e-01         3.403215e-01
       -1.220752e+00         3.437691e-01         3.099949e-01
        1.249971e+00        -6.755061e-01         1.264429e+00
       -1.231972e+00         3.279918e-01         2.867141e-01
       -1.098643e+00         1.764260e-01         3.004196e-01
        1.200704e+00        -6.839479e-01         1.242036e+00
        5.577935e-01        -2.745550e-01        -1.625434e+00
        5.113511e-01        -3.164030e-01        -1.499037e+00
       -1.198856e+00         2.162607e-01         3.553579e-01
       -1.139789e+00         2.139104e-01         3.055351e-01
        6.009510e-01        -4.183689e-01        -1.611403e+00
        2.064288e+00         3.822600e+00         6.225728e-01
        2.079859e+00         3.744236e+00         6.137623e-01
       -1.200054e+00         2.526239e-01         3.302391e-01
        3.951484e-01        -1.953047e-01        -1.348098e+00
       -1.175976e+00         1.802588e-01         3.223955e-01
       -3.753759e-01        -5.526306e-02        -6.653287e-01
        4.702387e-01        -3.205064e-01        -1.451414e+00
        7.232987e-02        -1.191615e+00         3.464966e-01
        1.383739e-01        -1.661526e-01        -1.197977e+00
       -1.212301e+00         2.390249e-01         3.311747e-01
        1.266936e+00        -7.645479e-01         1.285699e+00
        1.019305e+00        -1.631690e+00         1.657142e+00
        4.869759e-01        -1.857437e-01        -1.426559e+00
       -5.808834e-01         4.396136e-01        -4.143651e-01
       -1.179437e+00         2.078713e-01         3.309726e-01
       -1.185711e+00         2.896011e-01         2.850349e-01
       -1.197818e+00         2.267264e-01         3.836527e-01
        3.845588e-01        -1.706525e-01        -1.423317e+00
        1.319465e+00        -7.677583e-01         1.257009e+00
       -1.117360e+00         1.935548e-01         3.000331e-01
        1.298802e+00         3.825965e+00         3.103652e-01
        5.191135e-01        -3.599684e-01        -1.568679e+00
        1.036525e+00        -1.676375e+00         1.571457e+00
       -2.217425e-01        -1.073916e+00         6.479825e-01
        1.294119e+00        -7.928497e-01         1.278978e+00
       -1.199973e+00         2.611449e-01         3.013614e-01
        1.254960e+00        -7.761592e-01         1.246727e+00
       -1.162644e+00         2.558650e-01         2.751097e-01
        6.548675e-01        -3.936834e-01        -1.695718e+00
        5.824868e-01        -3.087423e-01        -1.653164e+00
       -1.101796e+00         1.517268e-01         2.829356e-01
        4.988199e-01        -1.434970e-01        -1.528303e+00
       -1.227649e+00         2.506111e-01         3.098254e-01
        6.250769e-01        -3.952238e-01        -1.694383e+00
        3.690695e-01        -2.498788e-01        -9.081067e-02
       -1.163490e+00         1.744538e-01         3.392240e-01
       -1.130523e+00         1.917107e-01         2.872548e-01
        1.383926e+00        -8.722151e-01         1.236153e+00
       -1.129717e+00         1.635522e-01         3.521602e-01
       -2.775261e-01         8.944477e-02        -6.386318e-01
       -1.190940e+00         2.143573e-01         3.216928e-01
        2.341192e-01        -1.941947e-01        -1.116273e+00
        5.044458e-01        -3.208374e-01        -1.642813e+00
       -1.212870e+00         2.681509e-01         3.488801e-01
        1.877786e-01        -2.191644e-01         6.970380e-02
        4.775458e-01        -5.206933e-01         1.023046e+00
        1.313974e+00        -7.492794e-01         1.302602e+00
        5.292659e-01        -3.445966e-01        -1.647362e+00
       -1.204411e+00         2.759598e-01         3.186125e-01
        6.713740e-01        -3.594187e-01        -1.527446e+00
        3.143185e-01        -2.326004e-01        -8.928146e-02
        1.245586e+00        -7.080755e-01         1.247832e+00
       -1.116518e+00         2.124881e-01         2.753780e-01
        1.339367e+00        -8.024400e-01         1.242746e+00
       -1.139036e+00         1.507641e-01         3.559864e-01
        5.893968e-01        -3.668703e-01        -1.726913e+00
        5.536836e-01        -3.152309e-01        -1.407831e+00
        3.839404e-01        -2.079106e-01        -1.275105e+00
        6.143920e-01        -3.560899e-01        -1.736059e+00
        1.270152e+00        -6.925156e-01         1.257704e+00
        1.349269e+00        -8.233986e-01         1.169410e+00
       -1.227223e+00         2.862686e-01         2.864463e-01
       -1.207215e+00         2.754529e-01         3.525888e-01
       -1.089834e+00         1.569918e-01         3.027988e-01
        2.739846e-01        -2.727516e-01         2.147424e-02
        3.443943e-01        -2.297842e-01        -6.067252e-02
       -1.166363e+00         1.945267e-01         2.815789e-01
       -1.184856e+00         2.287257e-01         3.314445e-01
        4.372498e-01        -4.862114e-01         1.032274e+00
        4.074482e-01        -2.269715e-01        -1.398822e+00
       -1.256093e+00         2.740247e-01         3.732338e-01
        1.351426e+00        -8.108289e-01         1.247991e+00
        4.650489e-01        -2.813734e-01        -1.568549e+00
        1.281287e+00        -7.145329e-01         1.195744e+00
        2.522639e-01        -1.405934e-01        -1.132029e+00
       -1.119501e+00         2.372848e-01         2.747738e-01
        9.954042e-01        -1.641253e+00         1.662205e+00
        1.342765e+00        -8.369984e-01         1.247622e+00
       -1.168204e+00         2.972157e-01         2.979279e-01
       -4.534371e-01        -9.886527e-01         8.668754e-01
       -5.109444e-01         3.544001e-01        -4.053026e-01
        1.203017e+00         4.036656e+00         5.182625e-01
        3.092739e-01        -2.108904e-01        -1.358817e-01
        4.330293e-01        -1.781430e-01        -1.357024e+00
        9.349534e-01        -1.540723e+00         1.683938e+00
        1.312996e+00        -7.251624e-01         1.230238e+00
        1.262919e+00        -6.928799e-01         1.261924e+00
        5.171772e-01        -3.801770e-01        -1.522390e+00
       -1.164507e+00         1.989619e-01         2.823756e-01
        5.276220e-01        -3.109169e-01        -1.559719e+00
       -7.626041e-01         1.634960e-01        -1.429292e-01
       -1.242369e+00         2.705886e-01         3.036528e-01
        6.465995e-05        -9.901833e-02        -9.377243e-01
       -1.163375e+00         2.627411e-01         2.909525e-01
       -1.153347e+00         1.538153e-01         3.564432e-01
       -1.123868e+00         2.156151e-01         2.538598e-01
        2.050992e+00         3.825279e+00         7.006307e-01
       -1.218020e+00         2.656723e-01         2.698998e-01
        5.069215e-01        -6.123021e-01         9.640574e-01
       -1.235864e+00         2.532721e-01         2.956729e-01
       -1.215575e+00         2.104791e-01         3.891174e-01
        1.835565e-01        -2.507992e-01         1.457848e-01
        5.113291e-01        -3.257258e-01        -1.478272e+00
       -1.140853e+00         2.031552e-01         3.194971e-01
        2.992861e-01        -8.308359e-02        -1.303235e+00
        1.373392e+00        -8.508925e-01         1.221088e+00
       -9.556099e-02         3.579330e-02        -7.116524e-01
       -1.198622e+00         2.647468e-01         3.069692e-01
        5.467351e-01        -7.542784e-01         8.564477e-01
       -1.152288e+00         1.906960e-01         3.255926e-01
        4.963499e-01        -2.783451e-01        -1.352150e+00
        1.300703e+00        -8.302683e-01         1.270621e+00
        4.821736e-01        -3.386870e-01        -1.521270e+00
       -3.932308e-02        -8.399951e-02        -8.983071e-01
       -1.110255e+00         1.647446e-01         3.306904e-01
       -1.222386e+00         2.181545e-01         3.368948e-01
       -1.183913e+00         2.403280e-01         2.851565e-01
       -1.156556e+00         2.457662e-01         3.029065e-01
        5.255759e-01        -3.137809e-01        -1.573845e+00
       -1.199416e+00         2.004309e-01         2.826597e-01
        6.414258e-01        -3.636810e-01        -1.377609e+00
       -1.226088e+00         2.704565e-01         3.431885e-01
       -1.179119e+00         2.497124e-01         3.166883e-01
       -1.207546e+00         2.739130e-01         3.030123e-01
       -6.503077e-02        -5.861444e-02        -9.968364e-01
        5.336197e-01        -3.578138e-01        -1.577044e+00
        5.367132e-01        -7.622909e-01         9.399193e-01
       -7.275378e-01         4.561519e-01        -2.018697e-01
        2.073126e+00         3.729986e+00         6.580605e-01
       -1.152259e+00         2.145018e-01         3.223663e-01
       -1.248638e+00         3.542072e-01         3.032600e-01
        4.598381e-01        -2.038439e-01        -1.346464e+00
       -1.115924e+00         1.528958e-01         3.330347e-01
       -1.189970e+00         2.663823e-01         3.877458e-01
        1.306442e+00        -7.941278e-01         1.231313e+00
       -1.226467e+00         2.398497e-01         3.163199e-01
        1.244815e+00        -7.552284e-01         1.274489e+00
       -1.143090e+00         2.067027e-01         2.909023e-01
       -1.149490e+00         1.617091e-01         2.987949e-01
        5.434733e-01        -3.671367e-01        -1.520507e+00
        4.874722e-01        -5.240394e-01         1.018528e+00
